[
    16852000,
    16861708,
    16861708,
    16861462,
    16722500,
    16719525,
    16724122,
    16724167,
    16724969,
    16725452,
    16724559,
    16725871,
    16726289,
    16719729,
    16719667,
    16725012,
    16724597,
    16725906,
    16725938,
    16727023,
    16722874,
    16726877,
    16726289,
    16724559,
    16726877,
    16717026,
    16719525,
    16719667,
    16719729,
    16722500,
    16722874,
    16724122,
    16724167,
    16724597,
    16724969,
    16725012,
    16725452,
    16725871,
    16725906,
    16725938,
    16727023,
    17348636,
    17348636,
    17348167,
    16686110,
    16686110,
    16685830,
    16862117,
    16862117,
    16861994,
    16888362,
    16887907,
    16889388,
    16889637,
    16889637,
    16887278,
    16887907,
    16888362,
    16889388,
    16881912,
    16878585,
    16879909,
    16882983,
    16882983,
    16881912,
    16878585,
    16877538,
    16879909,
    17380012,
    17380012,
    17379543,
    16731394,
    16731237,
    16732106,
    16731627,
    16731283,
    16731829,
    16731673,
    16731829,
    16731237,
    16731020,
    16731283,
    16731394,
    16731627,
    16731673,
    16732106,
    16275385,
    16275385,
    16272790,
    17264387,
    17264841,
    17272139,
    17261836,
    17273684,
    17271359,
    17273684,
    17271359,
    17261668,
    17261836,
    17264387,
    17264841,
    17272139,
    16272474,
    16272474,
    16271045,
    16756708,
    16756708,
    16753028,
    16691821,
    16691821,
    16691179,
    16635636,
    16635636,
    16635335,
    17400459,
    17394351,
    17393937,
    17395549,
    17402910,
    17395549,
    17400459,
    17392110,
    17393937,
    17394351,
    17402910,
    16567584,
    16567137,
    16567972,
    16565893,
    16565414,
    16566699,
    16566956,
    16565645,
    16566830,
    16567663,
    16565776,
    16566576,
    16566772,
    16568500,
    16565914,
    16567774,
    16565247,
    16565893,
    16567774,
    16566830,
    16564812,
    16565247,
    16565414,
    16565645,
    16565776,
    16565914,
    16566576,
    16566699,
    16566772,
    16566956,
    16567137,
    16567584,
    16567663,
    16567972,
    16568500,
    16554821,
    16554438,
    16553541,
    16555464,
    16555017,
    16553321,
    16553449,
    16556588,
    16555343,
    16554320,
    16554035,
    16555700,
    16554012,
    16554438,
    16555700,
    16555464,
    16555017,
    16554320,
    16554821,
    16552906,
    16553321,
    16553449,
    16553541,
    16554012,
    16554035,
    16555343,
    16556588,
    16544480,
    16547233,
    16548194,
    16547463,
    16546441,
    16546057,
    16544459,
    16546573,
    16544942,
    16545712,
    16545073,
    16545969,
    16547155,
    16544406,
    16544794,
    16545073,
    16544459,
    16547233,
    16546441,
    16544146,
    16544406,
    16544480,
    16544794,
    16544942,
    16545712,
    16545969,
    16546057,
    16546573,
    16547155,
    16547463,
    16548194,
    16636318,
    16636555,
    16636367,
    16636335,
    16635795,
    16636282,
    16636990,
    16636127,
    16636990,
    16636555,
    16636127,
    16635795,
    16636367,
    16636335,
    16636318,
    16635785,
    16636282,
    16550209,
    16551233,
    16551395,
    16552036,
    16549765,
    16549862,
    16550055,
    16551081,
    16550571,
    16551153,
    16550321,
    16551347,
    16549812,
    16549812,
    16551395,
    16551347,
    16551153,
    16550571,
    16549219,
    16549765,
    16549862,
    16550055,
    16550209,
    16550321,
    16551081,
    16551233,
    16552036,
    16802625,
    16806180,
    16802665,
    16802094,
    16797401,
    16802650,
    16802075,
    16802046,
    16806180,
    16797401,
    16794710,
    16802046,
    16802075,
    16802094,
    16802625,
    16802650,
    16802665,
    16665968,
    16664160,
    16665968,
    16662444,
    16664160,
    16277739,
    16277739,
    16277017,
    16562785,
    16562955,
    16564206,
    16563609,
    16563515,
    16563549,
    16563037,
    16563609,
    16562955,
    16562670,
    16562785,
    16563037,
    16563515,
    16563549,
    16564206,
    16643852,
    16643884,
    16643852,
    16643797,
    16643884,
    16560161,
    16559297,
    16559432,
    16558025,
    16559592,
    16559755,
    16560232,
    16560719,
    16562032,
    16561521,
    16558738,
    16559903,
    16557975,
    16560279,
    16559517,
    16557790,
    16559839,
    16560719,
    16560161,
    16557117,
    16557790,
    16557975,
    16558025,
    16558738,
    16559297,
    16559432,
    16559517,
    16559592,
    16559755,
    16559839,
    16559903,
    16560232,
    16560279,
    16561521,
    16562032,
    16549058,
    16548900,
    16549158,
    16548991,
    16549158,
    16549058,
    16548866,
    16548900,
    16548991,
    16759157,
    16759157,
    16759079,
    16752861,
    16752861,
    16752511,
    16291032,
    16290987,
    16291032,
    16290987,
    16290312,
    16289825,
    16289460,
    16289695,
    16289695,
    16289460,
    16289825,
    16289231,
    16282944,
    16284225,
    16286274,
    16282980,
    16286214,
    16284763,
    16285515,
    16282895,
    16286799,
    16283035,
    16282556,
    16286365,
    16282556,
    16284225,
    16285515,
    16281169,
    16282895,
    16282944,
    16282980,
    16283035,
    16284763,
    16286214,
    16286274,
    16286365,
    16286799,
    16290240,
    16290267,
    16290267,
    16290240,
    16289935,
    16154018,
    16156071,
    16155532,
    16155827,
    16153213,
    16155827,
    16154018,
    16155532,
    16153213,
    16151570,
    16156071,
    16962970,
    16962970,
    16962831,
    16972713,
    16973879,
    16973861,
    16972471,
    16972471,
    16972085,
    16972713,
    16973861,
    16973879,
    16969380,
    16969380,
    16969202,
    16569856,
    16569194,
    16569148,
    16570054,
    16570054,
    16569856,
    16569148,
    16569108,
    16569194,
    16570715,
    16570715,
    16570600,
    16571088,
    16571088,
    16570792,
    16641025,
    16642913,
    16640902,
    16641478,
    16641448,
    16641590,
    16642202,
    16641478,
    16640447,
    16640902,
    16641025,
    16641448,
    16641590,
    16642202,
    16642913,
    16552648,
    16552554,
    16552554,
    16552523,
    16552648,
    16572480,
    16572321,
    16572422,
    16572670,
    16572542,
    16572734,
    16572422,
    16572734,
    16572670,
    16572206,
    16572321,
    16572480,
    16572542,
    16968110,
    16968110,
    16967935,
    16811096,
    16811425,
    16811017,
    16810505,
    16811425,
    16811017,
    16809370,
    16810505,
    16811096,
    16669401,
    16669401,
    16668414,
    16291666,
    16291564,
    16291636,
    16291666,
    16291564,
    16291515,
    16291636,
    12376410,
    12376410,
    12376273,
    16980453,
    16979316,
    16980471,
    16979576,
    16979322,
    16979322,
    16979316,
    16978935,
    16979576,
    16980453,
    16980471,
    16645479,
    16644687,
    16645717,
    16647191,
    16646075,
    16645717,
    16645479,
    16644447,
    16644687,
    16646075,
    16647191,
    16966245,
    16964765,
    16964982,
    16966263,
    16964765,
    16964340,
    16964982,
    16966245,
    16966263,
    16455706,
    16455012,
    16455112,
    16456626,
    16454867,
    16453526,
    16456728,
    16455194,
    16454943,
    16456728,
    16455194,
    16453509,
    16453526,
    16454867,
    16454943,
    16455012,
    16455112,
    16455706,
    16456626,
    16452890,
    16452125,
    16452222,
    16452222,
    16451703,
    16452125,
    16452890,
    16757841,
    16757841,
    16757476,
    17210529,
    17212003,
    17212003,
    17210529,
    17209579,
    17227236,
    17224388,
    17227205,
    17223047,
    17219223,
    17220842,
    17222635,
    17216948,
    17219575,
    17219996,
    17219895,
    17227236,
    17213966,
    17216948,
    17219223,
    17219575,
    17219895,
    17219996,
    17220842,
    17222635,
    17223047,
    17224388,
    17227205,
    17213160,
    17213160,
    17212075,
    17201808,
    17203022,
    17200606,
    17200662,
    17200662,
    17203022,
    17201808,
    17200514,
    17200606,
    17252353,
    17250876,
    17251581,
    17250140,
    17251581,
    17252353,
    17250876,
    17249923,
    17250140,
    17198068,
    17198068,
    17197728,
    17196981,
    17196981,
    17196477,
    16122850,
    16122829,
    16123634,
    16122875,
    16122751,
    16122829,
    16122875,
    16122662,
    16122751,
    16122850,
    16123634,
    16784065,
    16782471,
    16783724,
    16782445,
    16783374,
    16783823,
    16783092,
    16782967,
    16782878,
    16783823,
    16783374,
    16782289,
    16782445,
    16782471,
    16782878,
    16782967,
    16783092,
    16783724,
    16784065,
    16713858,
    16713548,
    16714129,
    16714008,
    16713818,
    16713818,
    16714008,
    16713186,
    16713548,
    16713858,
    16714129,
    17242818,
    17242140,
    17242818,
    17242140,
    17241592,
    17248398,
    17248398,
    17248129,
    17198960,
    17198960,
    17198188,
    17189045,
    17189045,
    17188734,
    16573545,
    16574149,
    16575023,
    16573545,
    16573235,
    16574149,
    16575023,
    16128468,
    16128732,
    16127479,
    16128732,
    16128468,
    16127479,
    16125765,
    16160573,
    16160573,
    16160450,
    16967847,
    16967021,
    16967829,
    16966751,
    16966751,
    16967829,
    16967021,
    16967847,
    16966347,
    16971137,
    16970867,
    16971989,
    16972007,
    16970867,
    16971989,
    16972007,
    16971137,
    16970468,
    16976251,
    16977701,
    16976470,
    16977719,
    16976251,
    16977701,
    16977719,
    16976470,
    16975828,
    16962200,
    16962200,
    16962063,
    17325092,
    17325134,
    17325092,
    17324705,
    17325134,
    16977998,
    16978675,
    16978518,
    16978518,
    16977827,
    16977998,
    16978675,
    16465133,
    16464941,
    16464902,
    16465279,
    16464941,
    16464818,
    16464902,
    16465133,
    16465279,
    16649794,
    16651269,
    16648614,
    16649990,
    16648206,
    16654904,
    16652827,
    16649990,
    16651269,
    16652827,
    16647774,
    16648206,
    16648614,
    16649794,
    16654904,
    16471104,
    16471683,
    16473251,
    16470823,
    16472553,
    16474252,
    16473421,
    16471828,
    16469559,
    16472729,
    16472282,
    16471683,
    16472553,
    16469177,
    16469559,
    16470823,
    16471104,
    16471828,
    16472282,
    16472729,
    16473251,
    16473421,
    16474252,
    17055515,
    17055796,
    17056661,
    17056679,
    17056661,
    17055796,
    17056679,
    17055156,
    17055515,
    17138756,
    17139527,
    17138573,
    17140987,
    17140765,
    17140765,
    17140987,
    17138756,
    17138098,
    17138573,
    17139527,
    16948657,
    16949029,
    16950181,
    16950199,
    16950181,
    16950199,
    16949029,
    16948126,
    16948657,
    17144067,
    17143717,
    17141545,
    17141578,
    17141782,
    17143717,
    17144067,
    17141782,
    17141074,
    17141545,
    17141578,
    16895276,
    16893134,
    16894527,
    16895276,
    16893134,
    16892490,
    16894527,
    16891314,
    16891787,
    16891134,
    16891314,
    16891134,
    16890868,
    16891787,
    16937453,
    16937916,
    16939189,
    16939207,
    16939189,
    16939207,
    16937916,
    16936926,
    16937453,
    16334656,
    16334656,
    16334386,
    16378432,
    16377186,
    16378371,
    16377028,
    16378882,
    16377800,
    16378059,
    16377453,
    16376639,
    16378432,
    16377453,
    16377186,
    16376172,
    16376639,
    16377028,
    16377800,
    16378059,
    16378371,
    16378882,
    16946929,
    16948037,
    16946557,
    16948055,
    16948037,
    16948055,
    16946929,
    16946142,
    16946557,
    17071800,
    17071516,
    17073108,
    17073204,
    17073108,
    17073204,
    17071800,
    17071164,
    17071516,
    17069932,
    17069475,
    17071076,
    17071094,
    17071076,
    17071094,
    17069932,
    17069124,
    17069475,
    16950608,
    16951297,
    16952421,
    16952439,
    16952421,
    16952439,
    16951297,
    16950270,
    16950608,
    17074276,
    17075173,
    17073619,
    17075191,
    17073944,
    17075173,
    17074276,
    17075191,
    17073944,
    17073268,
    17073619,
    17149057,
    17150437,
    17149839,
    17150836,
    17148221,
    17150437,
    17150836,
    17149057,
    17147641,
    17148221,
    17149839,
    17145569,
    17144717,
    17147537,
    17147261,
    17146335,
    17147261,
    17147537,
    17145569,
    17144137,
    17144717,
    17146335,
    16485816,
    16486861,
    16485253,
    16486285,
    16485253,
    16485816,
    16485043,
    16486285,
    16486861,
    16363568,
    16363309,
    16363568,
    16363309,
    16363042,
    17407402,
    17407402,
    17407167,
    17412650,
    17412911,
    17412911,
    17412650,
    17412303,
    16466080,
    16465785,
    16465663,
    16466080,
    16465663,
    16465493,
    16465785,
    16475360,
    16475619,
    16475304,
    16475760,
    16475729,
    16475672,
    16475711,
    16475619,
    16475729,
    16475360,
    16475262,
    16475304,
    16475672,
    16475711,
    16475760,
    16063529,
    16063259,
    16063677,
    16063677,
    16063529,
    16063259,
    16063011,
    16389592,
    16389632,
    16389510,
    16389592,
    16389510,
    16389632,
    17180480,
    17180545,
    17180716,
    17180845,
    17181646,
    17182448,
    17180978,
    17181589,
    17180439,
    17180697,
    17182045,
    17180637,
    17180480,
    17180296,
    17180439,
    17180545,
    17180637,
    17180697,
    17180716,
    17180845,
    17180978,
    17181589,
    17181646,
    17182045,
    17182448,
    17408324,
    17408324,
    17408079,
    17409654,
    17409654,
    17409009,
    17411308,
    17411374,
    17411374,
    17411308,
    17410927,
    16828891,
    16830789,
    16830190,
    16830789,
    16830190,
    16828891,
    16827514,
    16128976,
    16128976,
    16128920,
    16132957,
    16132957,
    16132272,
    17377783,
    17377783,
    17377113,
    16586688,
    16591794,
    16594982,
    16594982,
    16586536,
    16586688,
    16591794,
    17346407,
    17346407,
    17345737,
    16825449,
    16825449,
    16825171,
    16780217,
    16780217,
    16779939,
    16496428,
    16495805,
    16496428,
    16495805,
    16494817,
    16688687,
    16688687,
    16688451,
    16532372,
    16536052,
    16532334,
    16536052,
    16532334,
    16531753,
    16532372,
    16540599,
    16540599,
    16539929,
    16847064,
    16847064,
    16846819,
    16637337,
    16637337,
    16637059,
    16874616,
    16874616,
    16874371,
    16785887,
    16785887,
    16785651,
    17158507,
    17158686,
    17159319,
    17158686,
    17158368,
    17158507,
    17159319,
    16375472,
    16375212,
    16375311,
    16375311,
    16375198,
    16375212,
    16375472,
    16980582,
    16980714,
    16981932,
    16982363,
    16981819,
    16981819,
    16980565,
    16980582,
    16980714,
    16981932,
    16982363,
    16639586,
    16639586,
    16639397,
    16849586,
    16849586,
    16849128,
    17417501,
    17417501,
    17415817,
    16835804,
    16835804,
    16833532,
    16474978,
    16475083,
    16474533,
    16474934,
    16475083,
    16474978,
    16474934,
    16474492,
    16474533,
    16083137,
    16083267,
    16083619,
    16082313,
    16083020,
    16082832,
    16083379,
    16083551,
    16083551,
    16082313,
    16081863,
    16082832,
    16083020,
    16083137,
    16083267,
    16083379,
    16083619,
    16332479,
    16332479,
    16331584,
    16370053,
    16370053,
    16369012,
    16469052,
    16469012,
    16469052,
    16468958,
    16469012,
    16081216,
    16081216,
    16081189,
    16386653,
    16387127,
    16387183,
    16387183,
    16387127,
    16386653,
    16386593,
    16064192,
    16064177,
    16064211,
    16064060,
    16064177,
    16064211,
    16064060,
    16064192,
    16064864,
    16064345,
    16064657,
    16064384,
    16064345,
    16064864,
    16064322,
    16064384,
    16064657,
    16066202,
    16066202,
    16065914,
    16462846,
    16462846,
    16462644,
    16179767,
    16180105,
    16180405,
    16180375,
    16180472,
    16180283,
    16180283,
    16179693,
    16179767,
    16180105,
    16180375,
    16180405,
    16180472,
    16833480,
    16833480,
    16833466,
    16833466,
    16833499,
    16833499,
    16143040,
    16139368,
    16148334,
    16137264,
    12318896,
    16150228,
    16145882,
    16139368,
    16137264,
    16150228,
    16148334,
    16145882,
    16143040,
    12318896,
    16137228,
    16467720,
    16467188,
    16468214,
    16468328,
    16468214,
    16467720,
    16466782,
    16467188,
    16468328,
    16366218,
    16366218,
    16365522,
    16482720,
    16483227,
    16483227,
    16482432,
    16482720,
    16479265,
    16479265,
    16478603,
    16840315,
    16844078,
    16843487,
    16844078,
    16843487,
    16836505,
    16840315,
    16871730,
    16872125,
    16866262,
    16872125,
    16871730,
    16864966,
    16866262,
    16935746,
    16935746,
    16935128,
    17136843,
    17136075,
    17134861,
    17137650,
    17134522,
    17137650,
    17136843,
    17136075,
    17134455,
    17134522,
    17134861,
    16476626,
    16476626,
    16476120,
    17363172,
    17370493,
    17362543,
    17370493,
    17363172,
    17362543,
    17361054,
    16573088,
    16573088,
    16572951,
    16548809,
    16548809,
    16548718,
    16498165,
    16498126,
    16498263,
    16498263,
    16498165,
    16498126,
    16497957,
    16384033,
    16384363,
    16384428,
    16384511,
    16384623,
    16382770,
    16383676,
    16383581,
    16383838,
    16384447,
    16383838,
    16382770,
    16381855,
    16383581,
    16383676,
    16384033,
    16384363,
    16384428,
    16384447,
    16384511,
    16384623,
    17323910,
    17324167,
    17324487,
    17323819,
    17324149,
    17324024,
    17324282,
    17323867,
    17324063,
    17323867,
    17323663,
    17323819,
    17323910,
    17324024,
    17324063,
    17324149,
    17324167,
    17324282,
    17324487,
    16371264,
    16371136,
    16371200,
    16371489,
    16370628,
    16370917,
    16371527,
    16370984,
    16370701,
    16371413,
    16371454,
    16371264,
    16370575,
    16370628,
    16370701,
    16370917,
    16370984,
    16371136,
    16371200,
    16371413,
    16371454,
    16371489,
    16371527,
    16643734,
    16643702,
    16643702,
    16643734,
    16643653,
    16044256,
    16044025,
    16044387,
    12306934,
    16044387,
    12306934,
    16042966,
    16044025,
    16044256,
    16381508,
    16381508,
    16381493,
    12343350,
    12343350,
    12343226,
    16191044,
    16191941,
    16191783,
    16190856,
    16191899,
    16191291,
    16191941,
    16190856,
    16191291,
    16190413,
    16191044,
    16191783,
    16191899,
    17176424,
    17176405,
    17176405,
    17176424,
    17176378,
    16190210,
    16190210,
    16190054,
    16304791,
    16304791,
    16304758,
    16304409,
    16304335,
    16304409,
    16304335,
    17176308,
    17176351,
    17176351,
    17176308,
    16961193,
    16961255,
    16961255,
    16961193,
    16961179,
    17176578,
    17176619,
    17176619,
    17176488,
    17176578,
    16297697,
    16297602,
    16296280,
    16297092,
    16296344,
    16295718,
    16297130,
    16297560,
    16297775,
    16296595,
    16296660,
    16295380,
    16295990,
    16296216,
    16297403,
    16297775,
    16295718,
    16297697,
    16296660,
    16297602,
    16295380,
    16295990,
    16296216,
    16296280,
    16296344,
    16296595,
    16297092,
    16297130,
    16297403,
    16297560,
    16381267,
    16381084,
    16381267,
    16381084,
    16961107,
    16961107,
    16960839,
    16061741,
    16061782,
    16061782,
    16061668,
    16061741,
    16325208,
    16325284,
    16325164,
    16325111,
    16325208,
    16325061,
    16325111,
    16325164,
    16325284,
    17184562,
    17184771,
    17184861,
    17184861,
    17184562,
    17184771,
    16091809,
    16091493,
    16092005,
    16091110,
    16092143,
    16091670,
    16091991,
    16091963,
    16092143,
    16092005,
    16090948,
    16091110,
    16091493,
    16091670,
    16091809,
    16091963,
    16091991,
    16065691,
    16065844,
    16065844,
    16065691,
    16387617,
    16389005,
    16388654,
    16387617,
    16387485,
    16388654,
    16389005,
    16066598,
    16066830,
    16066830,
    16066598,
    16066457,
    16081755,
    16081755,
    16081699,
    16463802,
    16463987,
    16463294,
    16463987,
    16463802,
    16463294,
    17079176,
    17079176,
    17078803,
    12315433,
    12315433,
    12315097,
    16763468,
    16763468,
    16762790,
    16480517,
    16480517,
    16480446,
    16479759,
    16479759,
    16479646,
    16537918,
    16537918,
    16537870,
    16537870,
    16943971,
    16943971,
    16943799,
    16941028,
    16941028,
    16940859,
    16945156,
    16945156,
    16944987,
    16942052,
    16942052,
    16941883,
    17154202,
    17154202,
    17154058,
    17152250,
    17152250,
    17152106,
    17156276,
    17157935,
    17158127,
    17156276,
    17158127,
    17157935,
    17156012,
    17151194,
    17151492,
    17151194,
    17150944,
    17151492,
    16963738,
    16963738,
    16963599,
    16961435,
    16961435,
    16961311,
    16371890,
    16372542,
    16372542,
    16371890,
    16371690,
    16370468,
    16370468,
    16370435,
    16367360,
    16367319,
    16367360,
    16367319,
    16367138,
    16303235,
    16304263,
    16304010,
    16303628,
    16303611,
    16303768,
    16303898,
    16303006,
    16303661,
    16302510,
    16303028,
    16303157,
    16303927,
    16303559,
    16303436,
    16302797,
    16303823,
    16304213,
    16302944,
    16303459,
    16303589,
    16303974,
    16303212,
    16303739,
    16304126,
    16302797,
    16302944,
    16303974,
    16303628,
    16303235,
    16304010,
    16303661,
    16303212,
    16304213,
    16303436,
    16302510,
    16303006,
    16303028,
    16303157,
    16303459,
    16303559,
    16303589,
    16303611,
    16303739,
    16303768,
    16303823,
    16303898,
    16303927,
    16304126,
    16304263,
    17291712,
    17291689,
    17291628,
    17291712,
    17291628,
    17291689,
    16319361,
    16320131,
    16319508,
    16320021,
    16320415,
    16319535,
    16320559,
    16320702,
    16320451,
    16319561,
    16320589,
    16320079,
    16319187,
    16319704,
    16318946,
    16320615,
    16320232,
    16320366,
    16319730,
    16320255,
    16319187,
    16320415,
    16320255,
    16320451,
    16320366,
    16319508,
    16318946,
    16319361,
    16319535,
    16319561,
    16319704,
    16319730,
    16320021,
    16320079,
    16320131,
    16320232,
    16320559,
    16320589,
    16320615,
    16320702,
    16192319,
    16192319,
    16192245,
    16299972,
    16299910,
    16301513,
    16299884,
    16300749,
    16301745,
    16301620,
    16301687,
    16300027,
    16300749,
    16299910,
    16301513,
    16299830,
    16299884,
    16299972,
    16300027,
    16301620,
    16301687,
    16301745,
    17067659,
    17067659,
    17067070,
    17008652,
    17009708,
    17008652,
    17009708,
    17008543,
    16324023,
    16323857,
    16323571,
    16322646,
    16323511,
    16323318,
    16323606,
    16324023,
    16323606,
    16322610,
    16322646,
    16323318,
    16323511,
    16323571,
    16323857,
    17077415,
    17076789,
    17077401,
    17078203,
    17076670,
    17077415,
    17076789,
    17078203,
    17077401,
    17076637,
    17076670,
    16312392,
    16312191,
    16312280,
    16312392,
    16312280,
    16312086,
    16312191,
    16312784,
    16312692,
    16312655,
    16312528,
    16312784,
    16312692,
    16312444,
    16312528,
    16312655,
    16325825,
    16326081,
    16325606,
    16326151,
    16326473,
    16326285,
    16326446,
    16325457,
    16325969,
    16326034,
    16325754,
    16326238,
    16325969,
    16325457,
    16325606,
    16325825,
    16326238,
    16326034,
    16325363,
    16325754,
    16326081,
    16326151,
    16326285,
    16326446,
    16326473,
    16994497,
    16994917,
    16993445,
    16993521,
    16994865,
    16993978,
    16994917,
    16994865,
    16994497,
    16993360,
    16993445,
    16993521,
    16993978,
    16298730,
    16298104,
    16299385,
    16298266,
    16299484,
    16299518,
    16298730,
    16299385,
    16298042,
    16298104,
    16298266,
    16299484,
    16299518,
    16992630,
    16992630,
    16992163,
    16304622,
    16304622,
    16304547,
    17290661,
    17290568,
    17290924,
    17291057,
    17290738,
    17290967,
    17290812,
    17290494,
    17290812,
    17290568,
    17290399,
    17290494,
    17290661,
    17290738,
    17290924,
    17290967,
    17291057,
    17177129,
    17176755,
    17177321,
    17176787,
    17177129,
    17176755,
    17176787,
    17177321,
    17176741,
    17183434,
    17183434,
    17183021,
    16172420,
    16172391,
    16172420,
    16172298,
    16172391,
    16373368,
    16373310,
    16373749,
    16373661,
    16373749,
    16373661,
    16373368,
    16373310,
    16373267,
    16197273,
    16196634,
    16196930,
    16198142,
    16198142,
    16196634,
    16196139,
    16196930,
    16197273,
    16065155,
    16065205,
    16065205,
    16065155,
    16065000,
    12370910,
    12371278,
    12370487,
    12371278,
    12370910,
    12370487,
    12370054,
    16462531,
    16462287,
    16462479,
    16462386,
    16462450,
    16462479,
    16462287,
    16462531,
    16461908,
    16462386,
    16462450,
    16093064,
    16093064,
    16092256,
    16095624,
    16095624,
    16094704,
    16094344,
    16094344,
    16093424,
    16322226,
    16322022,
    16322226,
    16322022,
    16322514,
    16322310,
    16322514,
    16322310,
    16096924,
    16096924,
    16095965,
    16389297,
    16389322,
    16389423,
    16389423,
    16389322,
    16389185,
    16389297,
    16069728,
    16069878,
    16069878,
    16069656,
    16069728,
    16779753,
    16779763,
    16779763,
    16779753,
    16778684,
    12318032,
    12318078,
    12318078,
    12318032,
    12317470,
    16508759,
    16508759,
    16508538,
    17133059,
    17133364,
    17133422,
    17133422,
    17133059,
    17131996,
    17133364,
    17160557,
    17161046,
    17160719,
    17160719,
    17160512,
    17160557,
    17161046,
    16996246,
    16996246,
    16995798,
    16488864,
    16488903,
    16488864,
    16488903,
    16488694,
    17001888,
    17002793,
    17003025,
    17001943,
    17002588,
    17002793,
    17001888,
    17001618,
    17001943,
    17002588,
    17003025,
    17011873,
    17011873,
    17010849,
    17167077,
    17166759,
    17167592,
    17162955,
    17166028,
    17162861,
    17164590,
    17165622,
    17162906,
    17163196,
    17164701,
    17163006,
    17165215,
    17163196,
    17166759,
    17162861,
    17165622,
    17165215,
    17164701,
    17164590,
    17166028,
    17162955,
    17161518,
    17162906,
    17163006,
    17167077,
    17167592,
    17342634,
    17342634,
    17342552,
    17054907,
    17054708,
    17054907,
    17054708,
    16885568,
    16885568,
    17000128,
    17000128,
    17000098,
    17178884,
    17178729,
    17178837,
    17179094,
    17179160,
    17178837,
    17178509,
    17178729,
    17178884,
    17179094,
    17179160,
    16186872,
    16186872,
    16352512,
    16354061,
    16352272,
    16352405,
    16353311,
    16354209,
    16352801,
    16352676,
    16354351,
    16352955,
    16352194,
    16354502,
    16353222,
    16353115,
    16351323,
    16353507,
    16354280,
    16352117,
    16353400,
    16353917,
    16354502,
    16354351,
    16354280,
    16354209,
    16354061,
    16353917,
    16353507,
    16353400,
    16353311,
    16353222,
    16353115,
    16352955,
    16352801,
    16352676,
    16352512,
    16352405,
    16352272,
    16352194,
    16352117,
    16351323,
    16350885,
    16177248,
    16177121,
    16177307,
    16177572,
    16177307,
    16177248,
    16177121,
    16177572,
    16176289,
    16175812,
    16175972,
    16175941,
    16176343,
    16176254,
    16176289,
    16176254,
    16175972,
    16175941,
    16175812,
    16176343,
    16171048,
    16170606,
    16171048,
    16170606,
    16170581,
    16885856,
    16885826,
    16885903,
    16886258,
    16885918,
    16886258,
    16885826,
    16885856,
    16885918,
    16885784,
    16885903,
    16347537,
    16346849,
    16347153,
    16345943,
    16347537,
    16347153,
    16345943,
    16346849,
    16345637,
    16176737,
    16177067,
    16176624,
    16176789,
    16176415,
    16176737,
    16176624,
    16176415,
    16176789,
    16177067,
    16321857,
    16321906,
    16321876,
    16321015,
    16321857,
    16320832,
    16321015,
    16321876,
    16321906,
    16350468,
    16348391,
    16349900,
    16349996,
    16349420,
    16350319,
    16349779,
    16348820,
    16350468,
    16350319,
    16349996,
    16349900,
    16349779,
    16349420,
    16348820,
    16348391,
    16347996,
    17010019,
    17010462,
    17010462,
    17010019,
    17009923,
    12337544,
    12337706,
    12337804,
    12337436,
    12337706,
    12337544,
    12337804,
    12337436,
    16337285,
    12336997,
    12337251,
    12337101,
    12337190,
    12337251,
    12337190,
    12337101,
    12336997,
    12336886,
    16344825,
    16343419,
    16344421,
    16345126,
    16344421,
    16343419,
    16345126,
    16344825,
    16343238,
    16179095,
    16179437,
    16179255,
    16179295,
    16179295,
    16179255,
    16179095,
    16179437,
    12338376,
    12338008,
    12338116,
    12338278,
    12338376,
    12338278,
    12338116,
    12338008,
    16338165,
    17291432,
    17291483,
    17291556,
    17291175,
    17291432,
    17291119,
    17291175,
    17291483,
    17291556,
    17183833,
    17184331,
    17184191,
    17184191,
    17183833,
    17183705,
    17184331,
    16175168,
    16175416,
    16175168,
    16174910,
    16175416,
    16374186,
    16374186,
    16373971,
    16055328,
    16052993,
    16060323,
    16055813,
    16060265,
    16060303,
    16059032,
    16060348,
    16060265,
    16055328,
    16052993,
    16051994,
    16055813,
    16059032,
    16060303,
    16060323,
    16060348,
    16498388,
    16498494,
    16498975,
    16498975,
    16498494,
    16498388,
    16077688,
    16077754,
    16077727,
    16077727,
    16077412,
    16077688,
    16077754,
    12372631,
    12372962,
    12373383,
    12373111,
    12373111,
    12372631,
    12372962,
    12373383,
    16932287,
    16166256,
    16166761,
    16166520,
    16165837,
    16166761,
    16166256,
    16166520,
    16165837,
    16075633,
    16075633,
    16075558,
    16050796,
    16050796,
    16050646,
    16451089,
    16451089,
    16451070,
    16328306,
    16328306,
    16328230,
    17159977,
    17159676,
    17159977,
    17159676,
    17159667,
    12391419,
    12390884,
    12391419,
    12390666,
    12390884,
    17004307,
    17004307,
    17004176,
    16996605,
    16996605,
    16996554,
    16996765,
    16996879,
    16996879,
    16996765,
    16996654,
    16491168,
    16490050,
    16489227,
    16490348,
    16490733,
    16490956,
    16490191,
    16489557,
    16489371,
    16489724,
    16490733,
    16490348,
    16490191,
    16490050,
    16489724,
    16491168,
    16490956,
    16489557,
    16489371,
    16489227,
    16489042,
    17005301,
    17005979,
    17006069,
    17005979,
    17006069,
    17005098,
    17005301,
    16341177,
    16341177,
    16339058,
    17343865,
    17343865,
    17344999,
    17344999,
    17344963,
    17075283,
    17075283,
    16084041,
    16084013,
    16084041,
    16084013,
    16446602,
    16446557,
    16446602,
    16446247,
    16446557,
    16493216,
    16492713,
    16493708,
    16494156,
    16492600,
    16493216,
    16492600,
    16492713,
    16493708,
    16494156,
    17053980,
    17053919,
    17053980,
    17053919,
    17053647,
    16187063,
    16187063,
    16187043,
    16172524,
    16172477,
    16172524,
    16172477,
    16172465,
    16071424,
    16071397,
    16071334,
    16071370,
    16071309,
    16071409,
    16071346,
    16071443,
    16071385,
    16071358,
    16071385,
    16071409,
    16071346,
    16071309,
    16071334,
    16071358,
    16071370,
    16071397,
    16071424,
    16071443,
    16336423,
    16337151,
    16337151,
    16336423,
    16336357,
    17177947,
    17178278,
    17178278,
    17177947,
    17177933,
    15838538,
    15837540,
    15837540,
    15834363,
    15838538,
    15829356,
    15829207,
    15830522,
    15829468,
    15830014,
    15830014,
    15829468,
    15829356,
    15829207,
    15829120,
    15830522,
    15808886,
    15808886,
    15807303,
    16034869,
    16034869,
    16034758,
    16079625,
    16079625,
    16079100,
    16078587,
    16078587,
    16078127,
    16167776,
    16167475,
    16167776,
    16167475,
    16167473,
    16076708,
    16076708,
    16076617,
    16077116,
    16076982,
    16077116,
    16076805,
    16076982,
    16333687,
    16333687,
    16333506,
    16997866,
    16997693,
    16997950,
    16997847,
    16997847,
    16997950,
    16997642,
    16997693,
    16997866,
    16491586,
    16491586,
    16491291,
    17344220,
    17344220,
    17344208,
    17126909,
    17126909,
    17126818,
    16447218,
    16447218,
    16447086,
    16446989,
    16446989,
    16446968,
    16188435,
    16188283,
    16188453,
    16188453,
    16188283,
    16188246,
    16188435,
    16460903,
    16460903,
    16460767,
    16306235,
    16306235,
    16305842,
    16187610,
    16187629,
    16187629,
    16187565,
    16187610,
    16380557,
    16380557,
    16379274,
    16188911,
    16188911,
    16188587,
    16187344,
    16187344,
    16187307,
    15809570,
    15809570,
    15809568,
    16080193,
    16079741,
    16079741,
    16079733,
    16080193,
    16131993,
    16131993,
    16905878,
    16905710,
    16905710,
    16904313,
    16905878,
    16186272,
    16186349,
    16186272,
    16186349,
    16186076,
    16186472,
    16186446,
    16186472,
    16186446,
    16186438,
    17042261,
    17042261,
    17041350,
    16311712,
    16311939,
    16311712,
    16311939,
    16311601,
    16186561,
    16186589,
    16186589,
    16186561,
    16186556,
    17175363,
    17175363,
    17174968,
    16189572,
    16189541,
    16189572,
    16189541,
    17053448,
    17053448,
    17052310,
    16181010,
    16180876,
    16181010,
    16180876,
    17290169,
    17289959,
    17290169,
    17289959,
    16032878,
    16032878,
    16032728,
    16380887,
    16380887,
    12336256,
    12336347,
    12336256,
    12336105,
    12336347,
    16184448,
    16184448,
    16186497,
    16186525,
    16186525,
    16186497,
    16186492,
    16310290,
    16310290,
    16310009,
    17167898,
    17167898,
    17167876,
    16928930,
    16928930,
    16928786,
    16072104,
    16072378,
    16072378,
    16072104,
    16071698,
    16181821,
    16181821,
    16192742,
    16192742,
    16192647,
    16952809,
    16952809,
    16952552,
    17039600,
    17039600,
    16185343,
    16185343,
    16600764,
    16600596,
    16600549,
    16600549,
    16600596,
    16599213,
    16600764,
    16186385,
    16186413,
    16186413,
    16186385,
    16186380,
    17050616,
    17050616,
    17049478,
    16173161,
    16173065,
    16173467,
    16173327,
    16173467,
    16173065,
    16173161,
    16173327,
    15810140,
    15810140,
    16074631,
    16074763,
    16074653,
    16074609,
    16074518,
    16074582,
    16074141,
    16074719,
    16074763,
    16074609,
    16074518,
    16074141,
    16074085,
    16074582,
    16074631,
    16074653,
    16074719,
    16908466,
    16908143,
    16908143,
    16908466,
    16908091,
    16312039,
    16312039,
    17160407,
    17160407,
    17160292,
    16183818,
    16183818,
    16183710,
    16182198,
    16182198,
    17290307,
    17290307,
    17290245,
    16512781,
    16512781,
    16512498,
    16193299,
    16193299,
    16193274,
    16915988,
    16915988,
    16915555,
    16161943,
    16161943,
    16161805,
    16514457,
    16514490,
    16514457,
    16514490,
    16514115,
    16926651,
    16926748,
    16926903,
    16926903,
    16926748,
    16926651,
    16926599,
    16913835,
    16913835,
    16918598,
    16918598,
    16918305,
    16923976,
    16923976,
    16923759,
    16069456,
    16069486,
    16069456,
    16069486,
    16069422,
    16516036,
    16515669,
    16515669,
    16516036,
    16514772,
    16324710,
    16324710,
    16324682,
    16332779,
    16332779,
    16332744,
    16185085,
    16185085,
    16311532,
    16311532,
    16311057,
    16169976,
    16170188,
    16170188,
    16169976,
    17049212,
    17049212,
    17047789,
    17047564,
    17047564,
    17046102,
    17045261,
    17045261,
    17044690,
    17044334,
    17044334,
    17043377,
    16186613,
    16186613,
    16031011,
    16031011,
    16030902,
    16926448,
    16926448,
    16925913,
    16924390,
    16924390,
    16924373,
    16031809,
    16031809,
    16031661,
    16312984,
    16313178,
    16313178,
    16312984,
    16312876,
    16172936,
    16172769,
    16172936,
    16172769,
    16172581,
    16177955,
    16177955,
    16177879
]