[
    15608752,
    15608752,
    15967408,
    15987713,
    15990274,
    15991306,
    15981872,
    15986064,
    15991306,
    15987713,
    15986064,
    15981949,
    15981987,
    15982000,
    15982012,
    15982025,
    15982033,
    15982048,
    15982083,
    15982347,
    15982362,
    15982396,
    15982491,
    15982500,
    15982536,
    15982546,
    15982556,
    15982570,
    15982586,
    15982603,
    15982616,
    15982647,
    15982653,
    15982663,
    15982673,
    15982687,
    15982840,
    15982857,
    15982880,
    15982886,
    15982895,
    15982904,
    15982913,
    15983016,
    15983025,
    15983034,
    15983063,
    15983076,
    15983097,
    15983103,
    15983113,
    15983123,
    15983144,
    15983243,
    15983245,
    15983254,
    15983260,
    15983269,
    15983274,
    15983279,
    15983304,
    15983310,
    15983320,
    15983330,
    15983343,
    15983434,
    15983527,
    15983543,
    15983553,
    15983559,
    15983592,
    15983611,
    15983619,
    15983628,
    15983635,
    15983642,
    15983647,
    15983810,
    15983839,
    15983926,
    15983934,
    15983987,
    15984018,
    15984029,
    15984040,
    15984163,
    15984177,
    15984185,
    15984200,
    15984218,
    15984253,
    15984386,
    15984414,
    15984431,
    15984450,
    15984488,
    15984496,
    15984531,
    15984537,
    15984545,
    15984566,
    15984576,
    15984589,
    15984611,
    15984633,
    15984654,
    15984669,
    15984702,
    15984734,
    15984756,
    15984893,
    15984910,
    15984934,
    15985087,
    15985155,
    15985171,
    15985183,
    15985199,
    15985207,
    15985215,
    15985243,
    15985256,
    15985277,
    15985283,
    15985293,
    15985303,
    15985324,
    15985426,
    15985432,
    15985440,
    15985446,
    15985454,
    15985462,
    15985470,
    15985500,
    15985575,
    15985651,
    15985823,
    15985917,
    15985936,
    15985963,
    15985973,
    15985983,
    15986013,
    15986043,
    15986071,
    15986165,
    15986220,
    15986236,
    15986257,
    15986278,
    15986389,
    15986459,
    15986468,
    15986483,
    15986489,
    15986494,
    15986514,
    15986523,
    15986547,
    15986556,
    15986602,
    15986630,
    15986642,
    15986687,
    15986700,
    15986727,
    15986747,
    15986757,
    15986781,
    15986820,
    15986903,
    15986915,
    15986921,
    15986929,
    15986935,
    15986947,
    15986956,
    15986965,
    15986979,
    15986997,
    15987003,
    15987012,
    15987017,
    15987033,
    15987108,
    15987157,
    15987162,
    15987167,
    15987203,
    15987208,
    15987217,
    15987226,
    15987242,
    15987251,
    15987267,
    15987276,
    15987300,
    15987356,
    15987362,
    15987368,
    15987418,
    15987420,
    15987428,
    15987458,
    15987462,
    15987487,
    15987493,
    15987503,
    15987509,
    15987604,
    15987650,
    15987658,
    15987674,
    15987682,
    15987720,
    15987760,
    15987779,
    15987795,
    15987832,
    15987848,
    15987869,
    15987890,
    15987982,
    15987988,
    15987994,
    15988004,
    15988025,
    15988108,
    15988114,
    15988120,
    15988148,
    15988196,
    15988360,
    15988396,
    15988572,
    15988591,
    15988612,
    15988771,
    15988795,
    15988802,
    15988856,
    15988889,
    15988910,
    15989012,
    15989076,
    15989082,
    15989088,
    15989139,
    15989239,
    15989344,
    15989352,
    15989360,
    15989388,
    15989401,
    15989421,
    15989427,
    15989437,
    15989447,
    15989568,
    15989570,
    15989578,
    15989619,
    15989689,
    15989695,
    15989701,
    15989852,
    15989858,
    15989867,
    15989872,
    15989888,
    15989971,
    15990015,
    15990020,
    15990025,
    15990030,
    15990080,
    15990167,
    15990180,
    15990274,
    15990281,
    15990356,
    15990366,
    15990376,
    15990385,
    15990535,
    15990545,
    15990559,
    15990584,
    15990593,
    15990601,
    15990609,
    15990624,
    15990690,
    15991030,
    15991068,
    15991103,
    15991337,
    15991392,
    15991611,
    15991617,
    15991625,
    15991629,
    15991645,
    15991722,
    15991769,
    15991773,
    15991777,
    15991945,
    15992003,
    15992009,
    15992015,
    15992429,
    15992435,
    15992441,
    15992447,
    15992532,
    15992568,
    15992574,
    15992580,
    15983687,
    15984414,
    15984566,
    15985651,
    15987795,
    15990336,
    15990339,
    15985056,
    15988815,
    15981880,
    15983637,
    15983630,
    15981885,
    15983605,
    15983549,
    15983555,
    15983533,
    15991600,
    15985077,
    15982578,
    15987068,
    15982523,
    15982459,
    15988410,
    15991731,
    15985480,
    15982562,
    15982757,
    15982848,
    15982565,
    15991668,
    15982740,
    15991461,
    15986985,
    15987968,
    15987114,
    15991500,
    15985381,
    15985565,
    15982476,
    15985388,
    15982632,
    15988077,
    15987117,
    15983082,
    15989840,
    15987472,
    15985262,
    15983073,
    15982456,
    15985144,
    15985253,
    15990077,
    15982353,
    15981993,
    15982002,
    15982018,
    15985193,
    15985070,
    15982466,
    15982506,
    15985558,
    15983472,
    15983009,
    15982406,
    15988797,
    15983920,
    15985063,
    15985536,
    15983005,
    15982960,
    15985952,
    15984035,
    15984024,
    15990527,
    15990541,
    15990555,
    15990595,
    15990586,
    15989407,
    15992417,
    15990573,
    15990551,
    15990569,
    15986384,
    15987743,
    15986178,
    15987750,
    15987838,
    15986226,
    15988562,
    15989398,
    15991100,
    15985189,
    15981888,
    15985141,
    15986791,
    15986028,
    15990686,
    15982480,
    15986811,
    15986023,
    15982183,
    15989655,
    15982292,
    15986787,
    15985996,
    15986026,
    15989651,
    15986802,
    15990682,
    15990565,
    15984211,
    15984191,
    15990200,
    15986720,
    15986623,
    15984582,
    15986693,
    15990173,
    15984169,
    15984480,
    15984158,
    15984524,
    15984353,
    15984864,
    15984926,
    15985002,
    15984836,
    15984329,
    15984993,
    15984388,
    15991074,
    15991061,
    15984899,
    15983979,
    15988688,
    15984888,
    15984381,
    15984443,
    15984708,
    15984422,
    15984646,
    15983968,
    15983464,
    15983048,
    15988269,
    15983212,
    15991443,
    15988206,
    15989924,
    15989980,
    15983380,
    15983397,
    15983289,
    15983205,
    15985636,
    15540416,
    15540416,
    15536782,
    15536809,
    15536870,
    15537105,
    15537170,
    15539635,
    15539656,
    15539672,
    15539689,
    15539701,
    15540192,
    15540202,
    15540212,
    15540221,
    15540483,
    15540528,
    15539645,
    15540179,
    15539695,
    15539662,
    15539682,
    15539641,
    15635921,
    15634882,
    15631603,
    15635921,
    15634882,
    15631603,
    15630578,
    15630593,
    15630602,
    15630626,
    15630656,
    15630675,
    15630704,
    15630720,
    15630726,
    15630755,
    15630768,
    15630794,
    15630828,
    15630839,
    15631057,
    15631073,
    15631081,
    15631121,
    15631159,
    15631176,
    15631182,
    15631191,
    15631253,
    15631291,
    15631306,
    15631356,
    15631380,
    15631395,
    15631426,
    15631472,
    15631482,
    15631492,
    15631497,
    15631552,
    15631559,
    15631565,
    15631610,
    15631707,
    15631747,
    15631812,
    15631844,
    15631896,
    15631923,
    15631943,
    15631955,
    15631998,
    15632036,
    15632047,
    15632068,
    15632155,
    15632173,
    15632189,
    15632221,
    15632256,
    15632263,
    15632289,
    15632323,
    15632336,
    15632344,
    15632370,
    15632416,
    15632519,
    15632538,
    15632568,
    15632598,
    15632615,
    15632653,
    15632666,
    15632671,
    15632711,
    15632731,
    15632743,
    15632777,
    15632786,
    15632791,
    15632800,
    15632830,
    15632847,
    15632901,
    15632930,
    15632956,
    15633058,
    15633096,
    15633137,
    15633220,
    15633242,
    15633347,
    15633363,
    15633394,
    15633454,
    15633524,
    15633530,
    15633547,
    15633573,
    15633599,
    15633621,
    15633643,
    15633665,
    15633687,
    15633709,
    15633738,
    15633754,
    15633761,
    15633766,
    15634051,
    15634091,
    15634105,
    15634460,
    15634478,
    15634524,
    15634534,
    15634544,
    15634553,
    15634575,
    15634718,
    15634734,
    15634772,
    15634785,
    15634889,
    15634955,
    15634995,
    15635214,
    15635234,
    15635284,
    15635296,
    15635326,
    15635335,
    15635340,
    15635346,
    15635367,
    15635459,
    15635524,
    15635534,
    15635544,
    15635553,
    15635574,
    15635612,
    15635618,
    15635629,
    15635651,
    15635673,
    15635695,
    15635717,
    15635739,
    15635770,
    15635804,
    15635826,
    15635833,
    15635840,
    15635845,
    15635928,
    15635971,
    15636019,
    15636366,
    15636385,
    15636558,
    15636570,
    15636609,
    15636618,
    15636623,
    15636629,
    15636728,
    15636857,
    15636869,
    15636899,
    15636908,
    15636913,
    15636919,
    15637008,
    15637026,
    15637065,
    15630726,
    15631182,
    15631812,
    15631896,
    15632336,
    15632690,
    15633530,
    15633754,
    15635618,
    15635833,
    15634511,
    15630475,
    15634455,
    15631368,
    15630697,
    15630710,
    15630834,
    15633125,
    15630619,
    15633373,
    15630761,
    15633340,
    15633353,
    15636465,
    15630784,
    15630669,
    15631069,
    15631051,
    15631047,
    15636564,
    15636560,
    15636601,
    15636592,
    15633078,
    15630433,
    15635193,
    15635184,
    15631297,
    15635317,
    15635309,
    15635286,
    15635289,
    15632951,
    15632894,
    15632840,
    15632823,
    15635240,
    15636990,
    15632042,
    15631918,
    15632161,
    15636772,
    15636763,
    15636379,
    15632164,
    15632053,
    15630580,
    15636153,
    15636144,
    15632544,
    15633200,
    15632458,
    15632408,
    15632489,
    15632465,
    15633812,
    15633749,
    15633506,
    15633512,
    15636862,
    15636859,
    15636890,
    15636882,
    15632736,
    15632733,
    15632768,
    15632760,
    15633964,
    15633448,
    15633496,
    15632312,
    15632645,
    15632640,
    15630525,
    15632927,
    15631878,
    15633089,
    15634935,
    15632350,
    15634084,
    15632866,
    15633879,
    15635047,
    15631885,
    15633839,
    15631981,
    15630496,
    15630468,
    15630787,
    15630503,
    15631868,
    15633064,
    15633131,
    15632493,
    15632445,
    15635200,
    15635189,
    15631850,
    15634488,
    15631376,
    15630482,
    15630510,
    15632404,
    15631936,
    15632211,
    15633444,
    15632279,
    15632860,
    15634583,
    15634576,
    15631949,
    15631837,
    15633082,
    15635405,
    15633143,
    15631792,
    15633119,
    15633060,
    15631826,
    15634100,
    15631571,
    15631554,
    15634765,
    15634760,
    15635828,
    15635594,
    15635600,
    15634567,
    15634607,
    15634899,
    15635511,
    15635938,
    15635567,
    15635584,
    15631459,
    15630647,
    15635385,
    15635094,
    15634121,
    15636390,
    15631169,
    15631300,
    15505179,
    15507274,
    15504451,
    15504451,
    15507274,
    15505179,
    15503525,
    15503575,
    15503603,
    15503646,
    15503706,
    15503740,
    15503823,
    15503897,
    15504089,
    15504130,
    15504147,
    15504204,
    15504213,
    15504258,
    15504285,
    15504306,
    15504323,
    15504344,
    15504363,
    15504373,
    15504382,
    15504458,
    15504667,
    15504729,
    15504742,
    15504778,
    15504787,
    15504792,
    15504798,
    15504864,
    15504895,
    15504948,
    15504957,
    15504994,
    15505021,
    15505042,
    15505059,
    15505080,
    15505099,
    15505105,
    15505114,
    15505186,
    15505227,
    15505317,
    15505326,
    15505339,
    15505378,
    15505387,
    15505392,
    15505398,
    15505491,
    15505501,
    15505511,
    15505520,
    15506877,
    15506902,
    15506934,
    15506952,
    15507019,
    15507046,
    15507098,
    15507116,
    15507138,
    15507156,
    15507171,
    15507203,
    15507235,
    15507339,
    15511146,
    15507120,
    15506912,
    15504102,
    15504248,
    15504297,
    15504350,
    15504291,
    15506859,
    15506856,
    15504240,
    15506852,
    15506848,
    15504735,
    15504731,
    15504769,
    15504760,
    15507024,
    15511043,
    15504984,
    15507080,
    15505033,
    15505478,
    15505073,
    15505292,
    15505288,
    15505332,
    15505328,
    15505369,
    15505360,
    15504337,
    15505086,
    15505299,
    15505296,
    15505052,
    15130821,
    15130821,
    15128357,
    15128403,
    15128409,
    15128463,
    15128487,
    15128511,
    15128542,
    15129602,
    15129807,
    15130102,
    15130126,
    15130306,
    15130325,
    15130335,
    15130345,
    15130354,
    15130979,
    15131043,
    15130312,
    15130296,
    15130293,
    15128477,
    15128395,
    15128330,
    15128298,
    15523273,
    15522709,
    15523273,
    15522498,
    15522551,
    15522562,
    15522613,
    15522645,
    15522798,
    15522806,
    15523213,
    15523223,
    15523229,
    15523234,
    15523282,
    15523325,
    15523347,
    15523395,
    15523288,
    15522666,
    15523376,
    15523428,
    15523245,
    15523200,
    15522635,
    15522632,
    15522791,
    15522544,
    15460619,
    15460619,
    15459876,
    15460551,
    15460557,
    15460563,
    15460568,
    15460593,
    15460627,
    15460512,
    15460538,
    16070426,
    16076055,
    16076055,
    16067066,
    16067177,
    16067200,
    16067221,
    16067258,
    16067279,
    16067287,
    16067297,
    16067311,
    16067323,
    16067381,
    16067393,
    16067406,
    16067422,
    16067446,
    16067462,
    16067578,
    16067645,
    16067723,
    16067738,
    16067754,
    16067766,
    16067775,
    16067788,
    16067796,
    16067832,
    16067985,
    16068006,
    16068027,
    16068040,
    16068048,
    16068064,
    16068080,
    16068096,
    16068121,
    16068139,
    16068152,
    16068168,
    16068193,
    16068212,
    16068234,
    16068250,
    16068260,
    16068466,
    16068476,
    16068488,
    16068496,
    16068518,
    16068529,
    16068548,
    16068659,
    16068671,
    16068677,
    16068722,
    16068794,
    16068810,
    16068837,
    16068867,
    16068887,
    16068897,
    16068916,
    16068932,
    16068942,
    16068963,
    16068967,
    16068980,
    16068989,
    16069004,
    16069013,
    16069043,
    16069057,
    16069059,
    16069069,
    16069072,
    16069081,
    16069095,
    16069114,
    16069136,
    16069202,
    16069221,
    16069258,
    16069289,
    16069312,
    16069366,
    16069406,
    16069419,
    16069442,
    16069455,
    16069464,
    16069496,
    16069623,
    16069634,
    16069647,
    16069663,
    16069682,
    16069712,
    16069776,
    16069834,
    16069851,
    16069884,
    16069899,
    16069956,
    16069966,
    16070009,
    16070021,
    16070040,
    16070045,
    16070079,
    16070097,
    16070135,
    16070162,
    16070178,
    16070200,
    16070213,
    16070223,
    16070229,
    16070267,
    16070279,
    16070285,
    16070328,
    16070340,
    16070360,
    16070426,
    16070433,
    16070455,
    16070468,
    16071194,
    16071338,
    16072322,
    16072336,
    16072481,
    16072532,
    16072548,
    16072572,
    16073350,
    16073384,
    16073396,
    16073420,
    16073438,
    16073448,
    16073469,
    16073473,
    16073486,
    16073495,
    16073510,
    16073519,
    16073547,
    16073561,
    16073563,
    16073573,
    16073584,
    16073593,
    16073607,
    16073626,
    16073649,
    16073717,
    16073730,
    16073753,
    16073766,
    16073775,
    16073794,
    16073803,
    16073827,
    16073835,
    16073848,
    16073862,
    16073876,
    16073918,
    16073931,
    16073980,
    16073994,
    16074012,
    16074072,
    16074098,
    16074185,
    16074195,
    16074211,
    16074298,
    16074306,
    16074314,
    16074342,
    16074355,
    16074373,
    16074379,
    16074389,
    16074399,
    16074570,
    16074620,
    16074699,
    16074809,
    16074825,
    16074832,
    16074878,
    16074888,
    16074898,
    16074927,
    16074946,
    16074976,
    16074986,
    16074996,
    16075010,
    16075039,
    16075052,
    16075075,
    16075081,
    16075090,
    16075099,
    16075108,
    16075203,
    16075212,
    16075221,
    16075250,
    16075263,
    16075279,
    16075285,
    16075295,
    16075305,
    16075342,
    16075370,
    16075372,
    16075381,
    16075387,
    16075396,
    16075401,
    16075406,
    16075430,
    16075436,
    16075446,
    16075456,
    16075657,
    16075796,
    16075852,
    16075858,
    16075868,
    16075889,
    16075900,
    16075909,
    16076012,
    16076076,
    16076120,
    16076139,
    16076148,
    16076285,
    16076379,
    16076389,
    16076401,
    16076546,
    16076562,
    16076575,
    16076627,
    16076640,
    16076652,
    16076664,
    16076826,
    16076959,
    16076992,
    16077005,
    16077019,
    16077028,
    16077053,
    16077349,
    16077390,
    16077392,
    16077400,
    16077556,
    16077867,
    16077884,
    16077897,
    16077925,
    16078102,
    16078108,
    16078114,
    16078208,
    16078255,
    16078257,
    16078263,
    16078273,
    16078303,
    16078313,
    16078326,
    16078335,
    16078366,
    16078415,
    16078432,
    16078442,
    16078547,
    16078553,
    16078559,
    16078656,
    16078665,
    16078679,
    16078685,
    16078694,
    16078987,
    16078996,
    16079009,
    16079018,
    16079228,
    16079251,
    16079257,
    16079267,
    16079273,
    16079366,
    16079403,
    16079409,
    16079415,
    16079817,
    16079880,
    16079886,
    16079891,
    16079896,
    16079969,
    16080004,
    16080009,
    16080014,
    16067594,
    16077994,
    16077987,
    16068677,
    16069072,
    16069776,
    16072322,
    16073584,
    16074098,
    16074708,
    16075039,
    16075889,
    16076379,
    16076004,
    16076525,
    16076552,
    16074845,
    16074865,
    16074827,
    16074815,
    16072525,
    16072538,
    16068054,
    16068033,
    16067387,
    16069688,
    16069305,
    16069380,
    16067264,
    16072639,
    16069760,
    16067332,
    16067241,
    16067638,
    16067729,
    16067816,
    16067915,
    16067903,
    16067809,
    16067826,
    16067712,
    16067768,
    16067781,
    16067169,
    16067744,
    16067756,
    16067342,
    16068687,
    16074764,
    16069359,
    16068661,
    16069669,
    16069653,
    16067289,
    16069640,
    16069629,
    16071331,
    16068108,
    16068104,
    16075805,
    16069877,
    16069880,
    16069962,
    16076832,
    16074171,
    16073868,
    16073841,
    16073908,
    16078189,
    16073854,
    16077122,
    16070081,
    16070070,
    16075568,
    16069916,
    16070063,
    16073937,
    16077821,
    16076836,
    16072651,
    16074032,
    16074018,
    16070125,
    16070349,
    16072329,
    16070307,
    16068070,
    16070334,
    16067442,
    16075151,
    16069840,
    16069824,
    16069264,
    16068823,
    16069192,
    16067412,
    16068199,
    16074246,
    16076646,
    16076633,
    16076617,
    16076606,
    16076613,
    16076719,
    16076060,
    16069948,
    16070003,
    16067399,
    16068179,
    16075265,
    16079239,
    16068240,
    16078372,
    16078319,
    16073819,
    16068800,
    16068158,
    16074361,
    16079869,
    16077059,
    16077011,
    16074078,
    16070273,
    16070206,
    16068145,
    16075416,
    16073376,
    16073408,
    16068482,
    16080068,
    16074965,
    16075035,
    16074952,
    16075043,
    16076165,
    16075005,
    16076168,
    16078421,
    16073390,
    16075814,
    16074137,
    16074532,
    16074108,
    16073628,
    16073462,
    16073430,
    16073743,
    16070186,
    16074546,
    16073501,
    16068904,
    16074852,
    16067049,
    16068061,
    16077873,
    16073638,
    16070400,
    16069116,
    16068956,
    16075580,
    16068925,
    16068843,
    16069432,
    16069786,
    16068995,
    16071170,
    16071156,
    16068880,
    16075260,
    16079225,
    16073342,
    16069126,
    16068893,
    16074352,
    16077553,
    16070219,
    16070281,
    16074191,
    16074178,
    16070168,
    16070155,
    16074686,
    16068130,
    16074660,
    16068922,
    16068948,
    16073426,
    16073454,
    16074539,
    16073736,
    16069425,
    16071163,
    16073723,
    16068982,
    16071177,
    16073488,
    16069088,
    16074553,
    16073600,
    16067056,
    16069412,
    16076067,
    16073924,
    16074003,
    16069392,
    16073704,
    16073973,
    16073986,
    16068973,
    16069448,
    16069053,
    16073479,
    16073759,
    16073557,
    16069006,
    16073512,
    16077983,
    15642491,
    15642491,
    15640289,
    15640348,
    15640383,
    15640391,
    15640403,
    15641890,
    15641907,
    15641919,
    15641996,
    15642011,
    15642034,
    15642046,
    15642055,
    15642068,
    15642076,
    15642265,
    15642289,
    15642401,
    15642411,
    15642421,
    15642433,
    15642823,
    15642879,
    15642423,
    15642388,
    15642813,
    15642869,
    15640397,
    15640377,
    15640244,
    15640280,
    15642002,
    15641986,
    15642048,
    15642061,
    15642024,
    15642036,
    15127334,
    15127334,
    15125925,
    15125934,
    15126062,
    15126082,
    15126098,
    15126149,
    15126741,
    15126751,
    15126761,
    15126770,
    15127380,
    15127421,
    15126136,
    15126728,
    15126143,
    15126076,
    15615212,
    15615212,
    15614966,
    15615034,
    15615044,
    15615073,
    15615136,
    15615163,
    15615191,
    15615219,
    15615242,
    15615179,
    15615027,
    15615232,
    15615159,
    15615601,
    15615601,
    15615498,
    15615504,
    15615510,
    15615515,
    15615587,
    15615619,
    15615485,
    15615482,
    15491124,
    15491124,
    15490870,
    15490906,
    15490954,
    15490992,
    15491074,
    15491080,
    15491086,
    15491015,
    15491025,
    15491175,
    15491168,
    15491061,
    15490984,
    15490944,
    15490902,
    15491164,
    15491001,
    15491008,
    15490994,
    15491022,
    15496761,
    15496761,
    15496181,
    15496236,
    15496266,
    15496531,
    15496549,
    15496596,
    15496605,
    15496706,
    15496712,
    15496717,
    15496787,
    15496692,
    15496688,
    16095931,
    16088150,
    16095931,
    16086599,
    16086624,
    16086646,
    16086685,
    16086707,
    16086715,
    16086725,
    16086739,
    16086755,
    16086791,
    16086802,
    16086821,
    16086836,
    16086849,
    16086865,
    16086885,
    16086911,
    16086932,
    16086953,
    16086983,
    16087082,
    16087149,
    16087166,
    16087227,
    16087242,
    16087258,
    16087270,
    16087279,
    16087292,
    16087300,
    16087336,
    16087489,
    16087512,
    16087599,
    16087606,
    16087616,
    16087626,
    16087652,
    16087668,
    16087677,
    16087693,
    16087717,
    16087769,
    16087779,
    16087795,
    16087806,
    16087821,
    16087842,
    16087859,
    16087878,
    16087891,
    16087896,
    16087912,
    16087926,
    16087940,
    16087987,
    16088055,
    16088072,
    16088099,
    16088157,
    16088181,
    16088200,
    16088208,
    16088249,
    16088273,
    16088282,
    16088292,
    16088302,
    16088313,
    16088401,
    16088436,
    16088461,
    16088493,
    16088527,
    16088538,
    16088555,
    16088572,
    16088582,
    16088603,
    16088611,
    16088624,
    16088637,
    16088648,
    16088661,
    16088701,
    16088719,
    16088721,
    16088740,
    16088813,
    16088826,
    16088849,
    16088862,
    16088871,
    16088880,
    16088889,
    16088903,
    16088926,
    16088954,
    16088963,
    16088985,
    16088993,
    16089030,
    16089050,
    16089065,
    16089104,
    16089137,
    16089153,
    16089211,
    16089227,
    16089238,
    16089281,
    16089293,
    16089312,
    16089317,
    16089352,
    16089369,
    16089376,
    16089407,
    16089423,
    16089446,
    16089459,
    16089469,
    16089475,
    16089507,
    16089519,
    16089525,
    16089576,
    16089624,
    16089691,
    16089700,
    16089715,
    16089725,
    16089735,
    16089771,
    16089906,
    16089955,
    16089976,
    16091155,
    16091177,
    16091190,
    16091279,
    16091285,
    16091305,
    16091497,
    16091581,
    16091590,
    16091618,
    16091628,
    16091663,
    16091684,
    16091715,
    16091724,
    16091737,
    16091755,
    16091784,
    16091797,
    16091812,
    16091848,
    16091858,
    16091937,
    16091963,
    16091977,
    16091991,
    16092011,
    16092018,
    16092023,
    16092036,
    16092045,
    16092058,
    16092091,
    16092210,
    16092323,
    16092340,
    16092418,
    16092423,
    16092436,
    16092449,
    16092454,
    16092538,
    16092581,
    16092589,
    16092605,
    16092646,
    16093079,
    16093095,
    16093105,
    16093117,
    16093129,
    16093141,
    16093181,
    16093194,
    16093217,
    16093230,
    16093243,
    16093252,
    16093276,
    16093392,
    16093403,
    16093422,
    16093510,
    16093519,
    16093528,
    16093557,
    16093571,
    16093584,
    16093590,
    16093599,
    16093608,
    16093695,
    16093697,
    16093706,
    16093955,
    16093980,
    16094001,
    16094015,
    16094023,
    16094141,
    16094187,
    16094203,
    16094213,
    16094225,
    16094237,
    16094249,
    16094282,
    16094295,
    16094318,
    16094331,
    16094344,
    16094349,
    16094361,
    16094401,
    16094432,
    16094600,
    16094616,
    16094623,
    16094664,
    16094674,
    16094684,
    16094715,
    16094734,
    16094757,
    16094767,
    16094777,
    16094791,
    16094842,
    16094855,
    16094878,
    16094884,
    16094893,
    16094902,
    16094911,
    16095015,
    16095024,
    16095033,
    16095062,
    16095075,
    16095095,
    16095101,
    16095111,
    16095121,
    16095213,
    16095219,
    16095228,
    16095309,
    16095315,
    16095325,
    16095335,
    16095380,
    16095390,
    16095403,
    16095422,
    16095434,
    16095446,
    16095548,
    16095562,
    16095578,
    16095618,
    16095652,
    16095672,
    16095749,
    16095755,
    16095765,
    16095785,
    16095795,
    16095804,
    16095891,
    16095953,
    16096001,
    16096020,
    16096029,
    16096102,
    16096144,
    16096240,
    16096250,
    16096267,
    16096307,
    16096320,
    16096520,
    16096537,
    16096550,
    16096603,
    16096616,
    16096628,
    16096640,
    16096743,
    16096756,
    16096769,
    16096803,
    16096816,
    16096839,
    16096848,
    16097003,
    16097034,
    16097062,
    16097151,
    16097203,
    16097216,
    16097229,
    16097238,
    16097262,
    16097758,
    16097770,
    16097779,
    16097896,
    16097942,
    16097947,
    16097952,
    16097988,
    16098021,
    16098078,
    16098088,
    16098098,
    16098533,
    16098550,
    16098563,
    16098752,
    16099014,
    16099024,
    16099051,
    16099106,
    16099112,
    16099118,
    16099157,
    16099250,
    16099278,
    16099294,
    16099307,
    16099362,
    16099384,
    16099390,
    16099399,
    16099408,
    16099581,
    16099629,
    16099634,
    16099639,
    16099762,
    16099768,
    16099777,
    16099786,
    16099888,
    16099923,
    16099959,
    16099964,
    16099969,
    16100271,
    16087098,
    16097679,
    16086791,
    16087599,
    16087806,
    16088302,
    16088880,
    16089576,
    16091285,
    16094842,
    16095785,
    16096240,
    16099014,
    16095883,
    16096498,
    16096526,
    16094637,
    16094651,
    16094618,
    16094606,
    16087848,
    16087662,
    16087658,
    16087647,
    16086827,
    16088340,
    16096312,
    16089056,
    16088061,
    16089672,
    16092665,
    16088078,
    16086691,
    16088415,
    16088265,
    16088446,
    16092438,
    16093969,
    16091604,
    16093994,
    16086921,
    16086871,
    16086855,
    16086842,
    16094010,
    16091596,
    16087306,
    16087260,
    16087168,
    16092451,
    16091572,
    16086902,
    16086668,
    16087233,
    16087142,
    16087216,
    16087285,
    16087272,
    16087419,
    16087407,
    16087320,
    16087313,
    16087330,
    16092280,
    16092565,
    16091896,
    16091865,
    16091743,
    16091997,
    16095600,
    16092224,
    16091673,
    16091701,
    16092456,
    16091297,
    16098736,
    16092216,
    16092411,
    16092051,
    16092072,
    16088979,
    16086590,
    16087248,
    16092232,
    16091839,
    16098744,
    16095608,
    16092573,
    16091790,
    16092464,
    16091690,
    16089090,
    16100177,
    16087643,
    16091142,
    16088520,
    16088544,
    16092240,
    16088533,
    16088932,
    16088596,
    16094103,
    16088565,
    16089882,
    16089648,
    16089586,
    16088639,
    16088839,
    16089868,
    16088730,
    16093906,
    16094540,
    16088561,
    16088588,
    16089875,
    16088832,
    16098717,
    16095584,
    16089093,
    16088394,
    16095554,
    16088800,
    16091808,
    16088819,
    16088630,
    16087155,
    16088896,
    16089706,
    16095416,
    16095428,
    16095541,
    16095440,
    16088617,
    16088855,
    16088715,
    16086717,
    16088654,
    16086808,
    16088187,
    16098461,
    16100263,
    16097859,
    16098523,
    16098068,
    16099878,
    16096407,
    16096299,
    16100314,
    16095943,
    16095370,
    16094133,
    16096094,
    16096906,
    16094590,
    16094422,
    16099706,
    16099242,
    16097193,
    16094177,
    16093069,
    16097475,
    16100137,
    16097009,
    16089130,
    16094054,
    16089204,
    16089133,
    16095857,
    16093295,
    16097040,
    16097792,
    16094079,
    16089233,
    16093458,
    16094083,
    16089342,
    16089365,
    16089335,
    16089949,
    16094438,
    16087723,
    16087827,
    16094392,
    16094964,
    16096593,
    16096583,
    16096589,
    16096609,
    16096622,
    16089275,
    16089220,
    16089465,
    16089513,
    16095081,
    16099751,
    16098027,
    16095396,
    16093085,
    16094193,
    16089452,
    16093573,
    16099373,
    16089431,
    16097268,
    16097222,
    16089413,
    16095293,
    16094743,
    16094838,
    16100210,
    16096039,
    16094786,
    16096043,
    16094846,
    16094740,
    16089400,
    16095072,
    16099154,
    16098539,
    16093567,
    16099358,
    16093398,
    16093384,
    16093880,
    16094578,
    16097017,
    16097047,
    16093236,
    16093123,
    16093135,
    16093111,
    16087922,
    16087640,
    16095571,
    16093150,
    16093223,
    16096841,
    16093268,
    16094324,
    16093200,
    16093187,
    16096822,
    16099284,
    16097760,
    16097748,
    16094301,
    16093171,
    16087884,
    16096809,
    16099261,
    16094288,
    16096793,
    16094354,
    16094272,
    16096762,
    16097068,
    16096779,
    16094258,
    16094243,
    16096749,
    16094337,
    16094231,
    16096736,
    16094219,
    16097667,
    15973889,
    15975134,
    15973889,
    15975134,
    15973899,
    15973978,
    15973995,
    15974009,
    15974030,
    15974157,
    15974166,
    15974179,
    15974507,
    15974168,
    15974159,
    15974150,
    15973920,
    15973984,
    15971547,
    15973030,
    15973030,
    15971547,
    15971356,
    15971426,
    15971435,
    15971447,
    15971451,
    15971459,
    15971509,
    15971554,
    15971599,
    15971612,
    15971626,
    15971640,
    15971659,
    15971787,
    15971814,
    15972115,
    15972166,
    15972182,
    15972204,
    15972228,
    15972319,
    15972786,
    15972806,
    15972830,
    15973037,
    15973458,
    15971814,
    15971628,
    15971618,
    15971605,
    15972312,
    15971594,
    15971504,
    15971441,
    15972128,
    15971428,
    15972172,
    15972776,
    15971768,
    15971736,
    15971789,
    15971782,
    15135848,
    15135848,
    15134465,
    15134589,
    15134619,
    15134627,
    15134790,
    15134812,
    15134818,
    15134839,
    15134852,
    15134871,
    15134897,
    15134910,
    15134933,
    15134946,
    15134955,
    15134964,
    15134976,
    15134996,
    15135031,
    15135052,
    15135068,
    15135089,
    15135095,
    15135104,
    15135125,
    15135139,
    15135148,
    15135157,
    15135173,
    15135189,
    15135198,
    15135204,
    15135210,
    15135234,
    15135251,
    15135264,
    15135273,
    15135288,
    15135326,
    15135522,
    15135539,
    15135566,
    15135579,
    15135593,
    15135617,
    15135632,
    15135764,
    15135821,
    15136352,
    15136400,
    15136427,
    15136436,
    15136456,
    15136463,
    15136469,
    15136490,
    15136499,
    15136511,
    15136548,
    15136605,
    15137318,
    15137338,
    15138127,
    15138137,
    15138583,
    15138707,
    15138761,
    15138813,
    15138993,
    15139009,
    15139022,
    15139091,
    15139323,
    15139460,
    15139594,
    15139614,
    15139762,
    15139960,
    15140079,
    15140115,
    15140149,
    15140206,
    15140215,
    15140255,
    15140330,
    15140343,
    15140428,
    15140516,
    15140573,
    15140640,
    15140783,
    15140833,
    15140851,
    15140885,
    15140986,
    15141004,
    15141031,
    15141050,
    15141125,
    15141256,
    15141271,
    15141350,
    15141551,
    15141572,
    15134619,
    15134818,
    15135095,
    15135204,
    15136352,
    15136400,
    15136456,
    15136469,
    15134796,
    15141119,
    15140980,
    15140827,
    15140567,
    15135815,
    15141344,
    15136599,
    15140422,
    15138912,
    15138112,
    15135009,
    15140165,
    15140368,
    15140142,
    15139124,
    15141565,
    15140616,
    15139309,
    15138983,
    15139332,
    15134982,
    15139439,
    15134877,
    15134845,
    15134832,
    15140299,
    15140303,
    15140270,
    15135223,
    15140264,
    15135623,
    15138960,
    15139446,
    15134881,
    15136362,
    15134923,
    15135535,
    15140336,
    15135609,
    15135257,
    15135058,
    15135515,
    15139587,
    15135585,
    15135179,
    15135240,
    15140224,
    15140248,
    15135044,
    15139620,
    15135559,
    15135131,
    15140200,
    15135117,
    15135121,
    15135099,
    15135163,
    15135552,
    15138697,
    15137308,
    15134449,
    15134567,
    15134612,
    15139302,
    15140623,
    15139429,
    15134884,
    15134916,
    15141557,
    15140128,
    15138976,
    15141544,
    15138999,
    15140775,
    15141040,
    15140841,
    15141245,
    15141262,
    15134903,
    15134969,
    15136483,
    15134939,
    15135278,
    15141023,
    15140875,
    15135316,
    15134605,
    15134563,
    15017971,
    15013925,
    15013947,
    15014029,
    15014275,
    15014284,
    15014297,
    15014317,
    15014333,
    15014347,
    15014377,
    15014399,
    15014412,
    15014431,
    15014458,
    15014471,
    15014494,
    15014507,
    15014516,
    15014525,
    15014539,
    15014560,
    15014569,
    15014597,
    15014614,
    15014625,
    15014645,
    15014942,
    15014957,
    15014973,
    15015035,
    15015050,
    15015067,
    15015110,
    15015128,
    15015137,
    15015158,
    15015174,
    15015193,
    15015229,
    15015247,
    15015256,
    15015270,
    15015305,
    15015313,
    15015322,
    15016884,
    15017722,
    15017737,
    15017743,
    15017751,
    15017765,
    15017779,
    15017789,
    15017798,
    15017814,
    15017831,
    15017840,
    15017846,
    15017852,
    15017869,
    15017886,
    15017899,
    15018339,
    15018526,
    15018539,
    15018552,
    15018571,
    15018612,
    15018625,
    15018648,
    15018661,
    15018674,
    15018688,
    15018705,
    15018733,
    15018775,
    15018785,
    15018795,
    15018805,
    15018840,
    15018853,
    15018876,
    15018889,
    15018898,
    15018908,
    15018926,
    15018947,
    15019040,
    15019086,
    15019167,
    15019345,
    15019361,
    15019374,
    15019510,
    15019669,
    15020397,
    15020406,
    15020660,
    15020676,
    15020689,
    15021359,
    15021532,
    15021548,
    15021561,
    15021767,
    15015742,
    15017743,
    15017846,
    15019040,
    15021359,
    15019127,
    15019123,
    15019095,
    15017858,
    15019091,
    15017892,
    15019160,
    15017875,
    15017757,
    15020415,
    15020392,
    15017771,
    15017804,
    15014638,
    15017761,
    15017747,
    15014631,
    15014621,
    15014607,
    15014589,
    15017712,
    15014392,
    15019678,
    15014437,
    15019479,
    15019648,
    15019335,
    15014545,
    15019634,
    15014405,
    15014387,
    15014484,
    15014441,
    15019489,
    15019458,
    15019050,
    15018256,
    15014935,
    15014323,
    15014310,
    15014290,
    15014262,
    15013917,
    15022020,
    15021753,
    15022027,
    15021760,
    15015262,
    15020869,
    15021205,
    15020876,
    15015266,
    15021198,
    15015298,
    15020695,
    15018711,
    15018768,
    15018781,
    15018900,
    15021567,
    15018932,
    15015143,
    15015145,
    15018532,
    15018545,
    15021369,
    15021726,
    15021503,
    15018815,
    15018866,
    15015025,
    15015028,
    15018791,
    15015044,
    15015104,
    15015168,
    15015223,
    15015294,
    15018667,
    15013748,
    15014444,
    15014477,
    15019328,
    15019465,
    15019627,
    15018819,
    15018859,
    15021716,
    15014464,
    15014531,
    15020682,
    15019351,
    15018654,
    15018698,
    15018846,
    15021554,
    15018918,
    15014500,
    15020666,
    15020643,
    15018631,
    15018618,
    15021538,
    15021515,
    15018882,
    15018595,
    15616044,
    15616086,
    15616000,
    15616011,
    15616141,
    15616092,
    39045638,
    39045632,
    15045243,
    15045561,
    15045646,
    15045195,
    15045635,
    15045605,
    15045184,
    15045657,
    15045675,
    15045708,
    15045735,
    15045626,
    15045639,
    15045718,
    15045650,
    15045661,
    15045585,
    15045729,
    15045702,
    15045598,
    15723012,
    15723023,
    15650323,
    15650352,
    15650368,
    15650384,
    15650390,
    15650400,
    15650464,
    15650558,
    15650612,
    15650650,
    15650640,
    15650302,
    15650292,
    15650288,
    15650307,
    15650312,
    15650645,
    15650532,
    15650297,
    15650377,
    15650370,
    15650358,
    15650504,
    15650457,
    15650448,
    15650422,
    15650415,
    15650518,
    15650618,
    15650626,
    15617547,
    15617510,
    15617527,
    15617562,
    15617568,
    15617590,
    15617671,
    15617706,
    15617719,
    15617797,
    15617817,
    15617907,
    15617917,
    15618027,
    15618042,
    15619230,
    15619460,
    15619494,
    15619828,
    15619850,
    15619916,
    15619932,
    15619952,
    15619962,
    15619975,
    15620017,
    15620706,
    15620728,
    15620898,
    15620973,
    15621001,
    15621866,
    15621893,
    15621930,
    15622065,
    15622071,
    15622112,
    15622184,
    15622359,
    15622369,
    15622381,
    15622390,
    15622831,
    15622836,
    15623433,
    15624307,
    15624379,
    15624395,
    15624411,
    15624423,
    15624432,
    15624445,
    15624454,
    15624628,
    15624660,
    15625163,
    15625174,
    15625198,
    15625237,
    15625249,
    15625848,
    15625920,
    15625932,
    15619188,
    15621034,
    15617583,
    15617773,
    15617988,
    15617492,
    15619841,
    15620723,
    15618009,
    15617793,
    15617478,
    15620593,
    15617540,
    15617576,
    15617698,
    15617568,
    15622071,
    15617516,
    15617499,
    15617533,
    15619834,
    15622847,
    15619981,
    15619000,
    15619968,
    15622823,
    15617553,
    15619943,
    15619922,
    15619909,
    15618400,
    15617580,
    15620716,
    15617870,
    15617690,
    15622352,
    15622361,
    15622371,
    15625913,
    15621872,
    15625230,
    15624369,
    15624385,
    15624425,
    15624438,
    15624401,
    15624413,
    15617677,
    15622427,
    15617712,
    15622423,
    15617780,
    15621007,
    15620975,
    15620960,
    15620963,
    15620003,
    15618037,
    15618016,
    15620884,
    15617803,
    11361652,
    15619236,
    15617846,
    15617888,
    11361656,
    15619221,
    15619214,
    15619202,
    15619184,
    15617681,
    15616459,
    15616526,
    15616490,
    15616528,
    15616497,
    15616432,
    15616487,
    15616493,
    16040328,
    16040337,
    16040369,
    16040378,
    16040467,
    16040378,
    16040360,
    16040320,
    15403705,
    15402766,
    15402778,
    15402797,
    15402808,
    15402837,
    15402891,
    15402925,
    15402944,
    15402948,
    15403025,
    15403201,
    15403260,
    15403339,
    15403354,
    15403370,
    15403382,
    15403391,
    15403404,
    15403412,
    15403448,
    15403597,
    15403618,
    15403851,
    15403870,
    15403886,
    15403898,
    15403907,
    15403920,
    15403929,
    15403980,
    15404164,
    15404225,
    15404278,
    15404288,
    15404312,
    15403031,
    15403685,
    15402931,
    15402908,
    15403345,
    15403531,
    15403432,
    15403519,
    15403425,
    15403442,
    15403328,
    15403253,
    15403384,
    15403397,
    15403360,
    15403372,
    15403840,
    15403913,
    15403900,
    15403876,
    15403888,
    15404231,
    15403973,
    15403949,
    15404148,
    15404082,
    15404573,
    15402738,
    15402780,
    15402768,
    15060932,
    15061018,
    15060937,
    15061054,
    15236640,
    15236646,
    15236701,
    15616586,
    15616592,
    15616615,
    15616617,
    15616699,
    15616712,
    15616544,
    15616556,
    15616621,
    15616617,
    15616705,
    15253403,
    15253428,
    15253442,
    15253451,
    15253457,
    15253470,
    15253475,
    15253527,
    15253584,
    15253380,
    15253376,
    15253384,
    15253382,
    15253480,
    15253536,
    15253464,
    15253396,
    15253529,
    15253392,
    15253453,
    15253580,
    15253405,
    15395013,
    15394630,
    15395656,
    15395209,
    15393709,
    15394512,
    15393218,
    15393232,
    15393240,
    15393322,
    15393334,
    15393339,
    15393365,
    15393412,
    15393480,
    15393499,
    15393533,
    15393552,
    15393579,
    15393628,
    15393661,
    15393674,
    15393685,
    15393786,
    15393800,
    15393829,
    15393868,
    15393943,
    15393958,
    15393974,
    15393986,
    15393995,
    15394008,
    15394016,
    15394052,
    15394190,
    15394211,
    15394383,
    15394392,
    15394414,
    15394428,
    15394485,
    15394523,
    15394537,
    15394557,
    15394586,
    15394599,
    15394762,
    15395183,
    15395690,
    15395721,
    15395741,
    15395763,
    15396372,
    15396391,
    15396407,
    15396419,
    15396428,
    15396441,
    15396450,
    15396500,
    15396657,
    15396714,
    15396760,
    15396766,
    15396790,
    15396831,
    15394506,
    15395636,
    15395874,
    15395189,
    15394776,
    15394420,
    15394409,
    15395682,
    15393371,
    15393274,
    15394376,
    15393454,
    15393213,
    15393792,
    15393224,
    15393324,
    15393246,
    15393539,
    15393516,
    15393861,
    15393932,
    15393988,
    15393949,
    15394001,
    15394046,
    15394036,
    15394029,
    15393840,
    15394108,
    15394120,
    15393976,
    15393964,
    15396361,
    15396434,
    15396421,
    15396397,
    15396409,
    15396988,
    15396720,
    15396641,
    15396470,
    15396378,
    15396481,
    15396494,
    15396567,
    15394529,
    15394549,
    15395757,
    15393680,
    15393667,
    15387457,
    15385321,
    15384678,
    15384491,
    15384505,
    15384513,
    15384534,
    15384548,
    15384564,
    15384586,
    15384638,
    15384650,
    15384844,
    15384856,
    15384875,
    15384907,
    15384917,
    15384951,
    15385019,
    15385053,
    15385073,
    15385077,
    15385121,
    15385354,
    15385373,
    15385384,
    15385409,
    15385489,
    15385512,
    15385521,
    15385596,
    15385675,
    15385690,
    15385706,
    15385718,
    15385728,
    15385741,
    15385749,
    15385785,
    15385929,
    15385962,
    15386022,
    15386055,
    15386224,
    15386232,
    15386308,
    15386324,
    15386336,
    15386359,
    15386374,
    15386397,
    15386402,
    15386464,
    15386578,
    15386639,
    15386826,
    15386853,
    15386868,
    15386885,
    15386890,
    15386920,
    15386994,
    15387011,
    15387025,
    15387125,
    15387140,
    15387157,
    15387169,
    15387178,
    15387191,
    15387199,
    15387373,
    15387392,
    15387505,
    15387889,
    15387996,
    15388015,
    15388031,
    15388043,
    15388053,
    15388066,
    15388075,
    15388125,
    15388163,
    15388297,
    15388354,
    15388400,
    15388405,
    15388427,
    15387451,
    15386659,
    15384917,
    15385059,
    15385036,
    15385681,
    15385734,
    15385720,
    15385769,
    15385863,
    15385851,
    15385762,
    15385779,
    15385664,
    15385589,
    15385696,
    15385708,
    15388045,
    15387985,
    15388059,
    15388033,
    15388021,
    15388364,
    15388281,
    15388222,
    15388106,
    15388215,
    15388002,
    15388119,
    15388138,
    15388684,
    15384421,
    15386061,
    15385356,
    15385344,
    15384497,
    15384865,
    15384846,
    15384858,
    15384449,
    15385495,
    15384529,
    15386016,
    15384540,
    15388095,
    15384644,
    15386915,
    15386423,
    15384554,
    15386530,
    15387184,
    15387171,
    15387113,
    15387131,
    15387159,
    15387146,
    15386376,
    15386349,
    15386881,
    15386326,
    15386342,
    15386839,
    15386816,
    15386832,
    15386314,
    15386416,
    15324174,
    15324192,
    15324204,
    15324163,
    15405843,
    15406782,
    15407694,
    15407694,
    15406137,
    15405144,
    15405158,
    15405166,
    15405610,
    15405644,
    15405664,
    15405691,
    15405705,
    15405742,
    15405750,
    15405768,
    15405787,
    15405798,
    15405807,
    15406114,
    15406228,
    15406315,
    15406330,
    15406346,
    15406358,
    15406368,
    15406381,
    15406389,
    15406425,
    15406569,
    15406602,
    15406759,
    15406795,
    15406803,
    15406821,
    15406837,
    15406861,
    15406871,
    15406923,
    15406931,
    15407097,
    15407826,
    15407841,
    15407851,
    15407998,
    15408017,
    15408033,
    15408045,
    15408055,
    15408068,
    15408077,
    15408127,
    15408165,
    15408299,
    15408356,
    15408402,
    15408407,
    15408429,
    15406776,
    15407688,
    15406128,
    15405650,
    15407987,
    15408047,
    15408061,
    15405627,
    15406321,
    15406374,
    15406360,
    15406409,
    15406503,
    15406491,
    15406402,
    15406419,
    15406304,
    15406221,
    15408035,
    15408023,
    15408686,
    15408362,
    15408121,
    15408108,
    15408283,
    15408140,
    15408217,
    15408004,
    15408224,
    15406348,
    15406336,
    15405150,
    15405139,
    15407113,
    15408133,
    15408097,
    15405827,
    15405793,
    15405774,
    15407832,
    15407847,
    15407607,
    15407718,
    15407707,
    15391361,
    15389997,
    15391603,
    15391555,
    15389547,
    15389569,
    15389643,
    15389659,
    15389664,
    15389701,
    15389810,
    15389823,
    15389844,
    15389858,
    15389910,
    15389928,
    15389959,
    15389971,
    15389981,
    15390194,
    15390208,
    15390237,
    15390272,
    15390310,
    15390330,
    15390334,
    15390379,
    15390393,
    15390426,
    15390441,
    15390686,
    15390719,
    15390758,
    15390900,
    15390940,
    15391017,
    15391032,
    15391048,
    15391060,
    15391070,
    15391083,
    15391091,
    15391128,
    15391268,
    15391303,
    15391338,
    15391397,
    15391622,
    15391641,
    15391716,
    15391818,
    15391837,
    15391853,
    15391865,
    15391875,
    15391888,
    15391897,
    15391957,
    15392119,
    15392176,
    15392222,
    15392227,
    15392253,
    15389407,
    15389396,
    15391355,
    15391600,
    15391552,
    15390773,
    15389621,
    15390348,
    15389850,
    15389839,
    15390680,
    15389802,
    15389582,
    15389542,
    15390200,
    15389649,
    15389589,
    15391634,
    15390316,
    15390293,
    15391023,
    15391076,
    15391062,
    15391006,
    15390933,
    15391104,
    15391184,
    15391122,
    15390912,
    15391200,
    15391115,
    15391613,
    15391807,
    15391867,
    15391881,
    15391038,
    15391050,
    15391855,
    15391843,
    15392420,
    15392182,
    15391914,
    15392108,
    15392036,
    15391921,
    15391945,
    15391949,
    15391941,
    15392030,
    15389961,
    15390550,
    15391963,
    15391910,
    15391627,
    15391824,
    15392263,
    15391903,
    15391532,
    15391582,
    15391573,
    15389614,
    15390447,
    15390432,
    15391462,
    15391454,
    15446078,
    15445926,
    15445938,
    15445981,
    15446037,
    15446288,
    15446316,
    15446318,
    15446355,
    15446429,
    15446668,
    15446078,
    15253056,
    15248410,
    15248418,
    15248423,
    15248446,
    15248444,
    15248412,
    15248403,
    15043652,
    15650887,
    15247156,
    15247445,
    15247432,
    15421536,
    15421548,
    15421561,
    15421577,
    15421673,
    15421682,
    15421702,
    15421710,
    15422451,
    15422465,
    15422477,
    15422807,
    15422816,
    15423790,
    15424092,
    15421511,
    15421529,
    15422457,
    15421696,
    15422800,
    15421692,
    15421567,
    15421541,
    15421554,
    15421666,
    15424102,
    15421675,
    15423773,
    15446920,
    11354426,
    15446845,
    15446851,
    15446903,
    15446944,
    15446989,
    15446995,
    15447012,
    15447034,
    15447042,
    15447241,
    15447250,
    15447259,
    15447419,
    15447457,
    15447490,
    15447508,
    15447521,
    15447792,
    15447864,
    15447886,
    15447899,
    15447912,
    15447935,
    15447941,
    15447951,
    15447961,
    15447974,
    15448103,
    15448142,
    15448199,
    15448258,
    15448273,
    15448284,
    15448299,
    15448307,
    15448315,
    15448343,
    15448356,
    15448377,
    15448383,
    15448393,
    15448403,
    15448423,
    15448546,
    15448552,
    15448560,
    15448603,
    15448609,
    15448618,
    15448627,
    15448700,
    15448713,
    15448719,
    15448738,
    15448754,
    15448795,
    15448902,
    15448997,
    15449063,
    15449099,
    15449126,
    15449175,
    15449193,
    15449222,
    15449228,
    15449238,
    15449248,
    15449262,
    15449358,
    15449364,
    15449374,
    15449384,
    15449499,
    15449528,
    15449553,
    15449587,
    15449593,
    15449598,
    15449630,
    15449677,
    15449723,
    15449732,
    15449746,
    15449784,
    15449796,
    15449939,
    15449970,
    15449990,
    15450023,
    15450033,
    15450119,
    15450166,
    15450409,
    15450419,
    15450442,
    15450558,
    15450577,
    15450926,
    15451122,
    15451175,
    15451190,
    15451196,
    15451201,
    15451207,
    15451216,
    15451243,
    15451260,
    15451266,
    15451274,
    15451282,
    15451302,
    15451376,
    15451381,
    15451390,
    15451399,
    15451427,
    15451436,
    15451450,
    15451459,
    15451475,
    15451484,
    15451503,
    15451513,
    15451519,
    15451523,
    15451529,
    15451542,
    15451586,
    15451603,
    15451609,
    15451617,
    15451625,
    15451641,
    15451714,
    15451760,
    15451764,
    15451772,
    15451780,
    15451794,
    15451802,
    15451818,
    15451826,
    15451842,
    15451850,
    15451884,
    15451940,
    15451946,
    15451952,
    15451998,
    15452004,
    15452014,
    15452020,
    15452030,
    15452104,
    15452116,
    15452164,
    15452170,
    15452176,
    15452237,
    15452243,
    15452249,
    15452259,
    15452268,
    15452315,
    15452340,
    15452372,
    15452378,
    15452384,
    15452596,
    15452691,
    15452747,
    15452763,
    15452791,
    15452812,
    15452818,
    15452828,
    15452838,
    15452986,
    15453027,
    15453061,
    15453124,
    15453183,
    15453204,
    15453242,
    15453244,
    15453248,
    15453250,
    15453264,
    15453298,
    15453304,
    15453312,
    15453316,
    15453320,
    15453343,
    15453349,
    15453359,
    15453369,
    15453383,
    15453470,
    15453482,
    15453490,
    15453506,
    15453514,
    15453530,
    15453538,
    15453556,
    15453562,
    15453568,
    15453620,
    15453768,
    15453799,
    15453811,
    15453817,
    15453892,
    15453912,
    15453918,
    15453928,
    15454084,
    15454243,
    15454292,
    15454325,
    15454340,
    15454346,
    15454352,
    15454420,
    15454444,
    15454450,
    15454456,
    15454507,
    15454513,
    15454521,
    15454525,
    15454618,
    15454666,
    15454670,
    15454674,
    15454770,
    15454818,
    15454994,
    15455116,
    15455122,
    15455130,
    15455134,
    15455151,
    15455234,
    15455282,
    15455430,
    15455459,
    15455486,
    15455534,
    15455547,
    15455568,
    15455574,
    15455584,
    15455594,
    15455732,
    15455734,
    15455740,
    15455751,
    15455770,
    15455796,
    15455802,
    15455867,
    15455911,
    15455923,
    15455925,
    15455934,
    15455936,
    15455951,
    15455960,
    15455965,
    15456007,
    15456013,
    15456023,
    15456029,
    15456039,
    15456132,
    15456210,
    15456219,
    15456243,
    15456256,
    15456262,
    15456270,
    15456278,
    15456298,
    15456368,
    15456373,
    15456382,
    15456391,
    15456411,
    15456420,
    15456444,
    15456492,
    15456498,
    15456504,
    15456581,
    15456607,
    15456722,
    15456834,
    15457419,
    15450391,
    15446937,
    15449069,
    15446932,
    15446920,
    15447272,
    15454280,
    15450315,
    15449663,
    15446995,
    15455770,
    15449185,
    15449115,
    15450587,
    15449622,
    15451984,
    15451249,
    15446980,
    15447025,
    15446823,
    15447029,
    15455476,
    15456101,
    15456084,
    15456142,
    15456324,
    15455413,
    15455399,
    15455669,
    15456840,
    15455992,
    15456245,
    15447414,
    15452672,
    15448131,
    15449058,
    15450025,
    15452797,
    15448248,
    15448706,
    15448715,
    15448728,
    15455553,
    15452300,
    15452224,
    15453013,
    15455328,
    15447878,
    15447787,
    15454302,
    15452753,
    15455188,
    15452661,
    15452676,
    15455240,
    15452909,
    15455104,
    15453328,
    15453451,
    15453428,
    15453444,
    15449777,
    15449344,
    15453898,
    15452640,
    15447481,
    15451592,
    15448362,
    15454496,
    15448522,
    15448353,
    15453180,
    15451332,
    15454776,
    15449042,
    15449300,
    15449611,
    15452068,
    15449046,
    15452085,
    15449208,
    15452122,
    15449317,
    15452610,
    15457048,
    15451668,
    15447770,
    15447774,
    15448004,
    15453020,
    15447920,
    15452995,
    15453630,
    15446913,
    15446827,
    15450172,
    15450158,
    15453738,
    15447237,
    15447229,
    15447243,
    15446809,
    15450356,
    15450369,
    15450509,
    15450500,
    15457372,
    15446909,
    15446924,
    15449035,
    15450554,
    15389382,
    15389090,
    15389263,
    15389276,
    15389376,
    15380153,
    15380158,
    15380174,
    15380068,
    15380183,
    15380144,
    15380842,
    15380072,
    15380104,
    15380174,
    15380084,
    15412837,
    15649391,
    15649234,
    15649256,
    15649275,
    15649286,
    15649306,
    15649410,
    15649486,
    15649530,
    15649541,
    15649588,
    15649624,
    15649646,
    15649702,
    15649707,
    15649713,
    15649878,
    15649914,
    15649919,
    15649938,
    15649943,
    15649971,
    15650070,
    15650235,
    15649219,
    15650089,
    15650168,
    15649196,
    15649384,
    15649547,
    15650258,
    15649204,
    15649601,
    15649640,
    15649184,
    15649984,
    15650011,
    15649189,
    15650101,
    15649884,
    15649492,
    15649286,
    15650066,
    15650018,
    15649659,
    15649667,
    15650220,
    15650014,
    15650155,
    15650062,
    15650151,
    15649244,
    15649240,
    15650093,
    15650216,
    15650097,
    15649346,
    15649350,
    15649527,
    15649536,
    15649267,
    15649699,
    15649875,
    15649630,
    15649616,
    15649483,
    15649296,
    15649904,
    15649928,
    15650213,
    15649582,
    15650080,
    15650059,
    15650120,
    15649931,
    15650055,
    15650007,
    15650255,
    15649400,
    15649397,
    15650224,
    15649227,
    15649663,
    15648679,
    15648701,
    15648737,
    15648847,
    15648860,
    15648873,
    15648853,
    15648837,
    15648731,
    15648695,
    15648672,
    15573531,
    15573546,
    15573559,
    15573571,
    15573599,
    15573610,
    15573619,
    15573638,
    15573655,
    15573664,
    15573730,
    15573738,
    15573755,
    15573764,
    15573779,
    15573822,
    15573866,
    15573875,
    15573884,
    15573893,
    15573908,
    15573978,
    15573983,
    15573992,
    15575852,
    15574120,
    15573893,
    15573514,
    15573868,
    15573985,
    15573625,
    15573605,
    15573661,
    15573744,
    15573552,
    15573904,
    15575848,
    15253614,
    15253609,
    15469246,
    15469329,
    15469752,
    15469758,
    15469777,
    15469795,
    15469811,
    15469829,
    15469845,
    15469857,
    15469866,
    15469879,
    15469887,
    15469925,
    15470053,
    15470098,
    15470125,
    15470164,
    15470173,
    15470193,
    15470206,
    15470223,
    15470232,
    15470247,
    15470261,
    15470278,
    15470290,
    15470315,
    15470321,
    15470330,
    15470339,
    15470448,
    15470494,
    15470519,
    15470529,
    15470539,
    15470559,
    15470565,
    15470584,
    15470593,
    15470602,
    15470615,
    15470634,
    15470643,
    15470662,
    15470679,
    15470692,
    15470759,
    15470769,
    15470790,
    15471114,
    15471127,
    15471152,
    15471236,
    15471254,
    15471264,
    15471274,
    15471287,
    15471293,
    15471299,
    15471316,
    15471349,
    15471358,
    15471380,
    15471396,
    15471402,
    15471421,
    15471503,
    15471592,
    15472025,
    15472065,
    15472086,
    15472097,
    15472103,
    15472112,
    15472118,
    15472127,
    15472136,
    15472145,
    15472175,
    15472253,
    15472270,
    15472291,
    15472317,
    15472347,
    15472378,
    15472581,
    15472591,
    15472605,
    15472619,
    15472629,
    15472642,
    15472658,
    15472675,
    15472684,
    15472690,
    15472696,
    15472713,
    15472725,
    15472743,
    15472752,
    15473259,
    15473265,
    15473269,
    15473278,
    15473292,
    15473301,
    15473315,
    15473324,
    15473339,
    15473349,
    15473375,
    15473406,
    15473412,
    15473418,
    15473424,
    15473498,
    15473538,
    15473544,
    15473550,
    15473592,
    15473603,
    15473617,
    15473632,
    15473642,
    15473655,
    15473671,
    15473688,
    15473697,
    15473703,
    15473709,
    15473726,
    15473743,
    15473756,
    15473926,
    15474024,
    15474029,
    15474034,
    15474059,
    15474143,
    15474155,
    15474184,
    15474197,
    15474220,
    15474241,
    15474264,
    15474300,
    15474314,
    15474336,
    15474352,
    15474365,
    15474375,
    15474408,
    15474417,
    15474432,
    15474481,
    15474490,
    15474518,
    15474534,
    15474548,
    15474559,
    15474573,
    15474586,
    15474594,
    15474607,
    15474620,
    15474635,
    15474644,
    15474650,
    15474656,
    15474673,
    15474690,
    15474699,
    15474868,
    15474870,
    15474875,
    15474880,
    15474889,
    15474946,
    15474978,
    15474983,
    15474988,
    15475155,
    15475164,
    15475189,
    15475266,
    15475279,
    15475726,
    15475735,
    15475813,
    15475823,
    15475839,
    15475852,
    15475861,
    15475867,
    15475874,
    15475878,
    15475916,
    15475996,
    15476010,
    15476070,
    15476075,
    15476081,
    15476088,
    15476098,
    15476103,
    15476237,
    15476250,
    15476254,
    15476425,
    15476525,
    15476534,
    15469168,
    15469176,
    15470981,
    15474807,
    15469295,
    15470187,
    15471331,
    15469302,
    15469329,
    15472690,
    15473703,
    15474650,
    15475867,
    15476081,
    15473385,
    15474797,
    15470685,
    15470672,
    15469223,
    15470574,
    15470608,
    15470586,
    15470636,
    15470617,
    15470549,
    15472014,
    15472611,
    15472736,
    15472601,
    15472664,
    15472719,
    15475173,
    15472587,
    15472648,
    15472574,
    15472635,
    15475182,
    15470595,
    15469312,
    15475150,
    15472702,
    15472597,
    15474544,
    15474371,
    15475819,
    15475272,
    15470525,
    15474524,
    15473623,
    15474052,
    15473732,
    15473613,
    15475745,
    15473677,
    15473598,
    15473648,
    15473749,
    15473661,
    15473585,
    15474136,
    15474410,
    15475806,
    15475989,
    15476230,
    15475239,
    15475204,
    15475235,
    15475198,
    15474510,
    15473715,
    15473609,
    15475719,
    15474397,
    15476090,
    15474466,
    15474401,
    15474234,
    15474266,
    15474309,
    15474254,
    15474247,
    15474213,
    15474190,
    15474171,
    15475909,
    15474579,
    15476543,
    15474626,
    15474705,
    15474679,
    15475854,
    15476024,
    15474600,
    15474613,
    15476519,
    15475845,
    15476243,
    15474569,
    15475829,
    15474554,
    15471949,
    15471923,
    15474473,
    15474175,
    15476369,
    15474291,
    15476043,
    15476036,
    15474662,
    15470136,
    15473365,
    15471937,
    15471351,
    15474358,
    15469872,
    15469859,
    15469907,
    15469900,
    15470005,
    15469918,
    15470025,
    15469820,
    15469801,
    15474342,
    15474319,
    15469847,
    15469835,
    15469744,
    15470440,
    15471280,
    15471289,
    15470199,
    15471104,
    15473394,
    15470304,
    15474912,
    15474956,
    15474857,
    15470253,
    15470238,
    15470216,
    15469240,
    15252080,
    15252105,
    15252087,
    15252095,
    15252099,
    15252091,
    15252084,
    11399830,
    16123902,
    16123931,
    16123946,
    16123952,
    16123957,
    16123969,
    16123975,
    16124012,
    16124075,
    16124091,
    16124107,
    16124136,
    16124157,
    16124203,
    16124220,
    16124306,
    16124028,
    16124226,
    16123896,
    16123959,
    16123936,
    16123933,
    16124035,
    16124166,
    16123908,
    16124275,
    16124146,
    11399826,
    16124081,
    16124209,
    15061636,
    15061640,
    15061632,
    15061638,
    15061723,
    14926004,
    14926017,
    14926246,
    14926714,
    14926760,
    14925982,
    14925968,
    14926774,
    14925977,
    14926766,
    14926010,
    11311857,
    11311904,
    11311919,
    14978448,
    14978458,
    14978467,
    14978502,
    14978518,
    14978597,
    14978622,
    14978887,
    14978905,
    14979180,
    14979223,
    14978508,
    11311911,
    14978616,
    14978495,
    14978450,
    14978439,
    14978867,
    14979219,
    15651997,
    15651990,
    15255079,
    15255201,
    15254866,
    15254899,
    15254919,
    15254931,
    15254941,
    15254950,
    15254966,
    15254971,
    15254980,
    15254992,
    15255126,
    15255142,
    15255147,
    15255241,
    15255309,
    15254827,
    15254816,
    15255197,
    15254822,
    15255241,
    15254856,
    15254849,
    15254937,
    15254943,
    15254959,
    15254925,
    15255283,
    15255072,
    15255217,
    15400793,
    15400217,
    15398056,
    15397513,
    15397522,
    15397542,
    15397552,
    15397583,
    15397636,
    15397714,
    15397727,
    15397735,
    15397756,
    15397766,
    15397775,
    15397780,
    15397802,
    15397821,
    15397853,
    15397862,
    15397909,
    15397975,
    15398013,
    15398032,
    15398036,
    15398071,
    15398257,
    15398362,
    15398375,
    15398389,
    15398420,
    15398453,
    15398470,
    15398493,
    15398570,
    15398589,
    15398600,
    15398632,
    15398710,
    15398988,
    15399067,
    15399082,
    15399098,
    15399110,
    15399120,
    15399133,
    15399141,
    15399178,
    15399324,
    15399359,
    15399412,
    15399429,
    15399993,
    15400030,
    15400058,
    15400072,
    15400077,
    15400082,
    15401195,
    15401214,
    15401230,
    15401242,
    15401252,
    15401265,
    15401274,
    15401334,
    15401496,
    15401553,
    15401599,
    15401608,
    15401638,
    15401666,
    15398050,
    15397703,
    15397862,
    15398019,
    15401184,
    15401244,
    15401258,
    15397996,
    15399073,
    15399126,
    15399112,
    15399260,
    15399165,
    15399244,
    15399154,
    15399172,
    15399056,
    15398981,
    15401220,
    15401232,
    15401559,
    15401291,
    15401418,
    15401318,
    15401326,
    15401298,
    15401322,
    15402365,
    15401485,
    15401399,
    15399100,
    15399088,
    15397621,
    15400060,
    15398572,
    15398560,
    15397720,
    15397627,
    15400052,
    15400024,
    15397804,
    15397792,
    15397758,
    15397751,
    15397528,
    15397510,
    15398447,
    15398352,
    15397498,
    15400009,
    15401340,
    15401287,
    15401280,
    15397685,
    15294141,
    15294154,
    15294198,
    15294224,
    15294248,
    15294264,
    15294283,
    15294209,
    15294116,
    15294198,
    15294260,
    15294230,
    15294150,
    15294279,
    14982825,
    14978256,
    14978247,
    14978219,
    14978311,
    15164316,
    15164606,
    15164602,
    15164548,
    15164554,
    15081152,
    15081169,
    16066754,
    16066704,
    14967115,
    14967121,
    14967129,
    14967138,
    14969208,
    14969218,
    14969228,
    14969307,
    14969320,
    14969329,
    14969912,
    14970011,
    14970834,
    14971375,
    14971567,
    14971577,
    14971386,
    14971590,
    14969208,
    14969329,
    14970043,
    14969907,
    14970005,
    14969304,
    14967073,
    14967117,
    15061204,
    15061200,
    15061214,
    15061264,
    15061209,
    15061223,
    15652061,
    15652083,
    15652057,
    15651581,
    15651600,
    15651594,
    15651569,
    15651669,
    15651665,
    15651661,
    15651552,
    15651556,
    15651657,
    15651564,
    15651577,
    14975785,
    14976275,
    11311648,
    14975074,
    14975084,
    14975093,
    14975144,
    14975221,
    14975233,
    14975241,
    14975249,
    14975259,
    14975295,
    14975431,
    14975449,
    14975734,
    14976036,
    14976083,
    14976116,
    14976280,
    14976324,
    14976374,
    14975813,
    14975775,
    14975300,
    14976254,
    14976345,
    14976231,
    14975216,
    14976112,
    14975076,
    14975065,
    14975411,
    14976216,
    14976506,
    14975771,
    14975289,
    14976380,
    14976312,
    14976224,
    15156476,
    15156464,
    15156473,
    15239564,
    15239127,
    15239223,
    15238429,
    15238458,
    15238493,
    15238503,
    15238508,
    15238524,
    15238532,
    15238546,
    15238568,
    15238577,
    15238950,
    15238972,
    15238985,
    15238995,
    15239021,
    15239044,
    15239097,
    15239271,
    15239304,
    15239723,
    15239742,
    15240093,
    15240122,
    15238417,
    15238384,
    15238583,
    15239540,
    15240101,
    15239715,
    15238514,
    15238499,
    15239239,
    15239212,
    15239103,
    15239076,
    15240079,
    15239729,
    15240069,
    16133380,
    16133247,
    16133257,
    16133298,
    16133313,
    16133344,
    16133405,
    16133440,
    16133360,
    16133253,
    16133237,
    16133356,
    15236864,
    15236872,
    15236870,
    15251326,
    15251259,
    15251332,
    15251257,
    15251248,
    15251339,
    15251328,
    15251312,
    15251320,
    15251316,
    15251309,
    14980404,
    16064329,
    16064334,
    16064350,
    16064320,
    16064359,
    16064350,
    16064260,
    15425730,
    15425866,
    15425805,
    15078228,
    15078254,
    15294304,
    15061374,
    15061364,
    15061360,
    15061382,
    15061420,
    14976896,
    14976887,
    14976957,
    15252367,
    15252443,
    15252352,
    15252356,
    15252431,
    14925716,
    14925733,
    14925712,
    15424891,
    15424905,
    15424912,
    15424905,
    15424877,
    15465374,
    16048543,
    15711140,
    15711151,
    15651241,
    11378805,
    15795913,
    15795964,
    15795978,
    15795984,
    15795995,
    15796008,
    15796029,
    15796064,
    15796070,
    15796095,
    15796854,
    15796146,
    15795984,
    15796070,
    15795954,
    15796010,
    15795997,
    15796117,
    15248821,
    15248827,
    15248823,
    15248814,
    15425085,
    15425113,
    15425330,
    15425452,
    15425492,
    15425458,
    15826394,
    15651811,
    15651834,
    14977008,
    15250936,
    15517606,
    15516870,
    15517350,
    15517649,
    15518875,
    15516509,
    15511322,
    15511933,
    15511956,
    15512038,
    15512066,
    15512118,
    15512131,
    15512187,
    15512204,
    15512241,
    15512282,
    15512317,
    15512337,
    15512356,
    15512404,
    15512619,
    15512644,
    15512658,
    15512696,
    15512731,
    15512769,
    15512779,
    15512807,
    15512833,
    15512907,
    15513035,
    15513065,
    15513071,
    15513087,
    15513127,
    15513141,
    15513196,
    15513231,
    15513332,
    15513353,
    15513361,
    15513367,
    15513375,
    15513414,
    15513468,
    15513524,
    15513595,
    15513611,
    15513624,
    15513749,
    15513787,
    15513904,
    15513916,
    15513960,
    15514021,
    15514098,
    15514113,
    15514123,
    15514130,
    15514205,
    15514273,
    15514328,
    15514341,
    15514349,
    15514434,
    15514573,
    15514608,
    15514618,
    15514639,
    15514657,
    15514665,
    15514674,
    15514722,
    15514737,
    15514745,
    15514911,
    15514941,
    15515004,
    15515013,
    15515081,
    15515120,
    15515144,
    15515160,
    15515234,
    15515264,
    15515307,
    15515344,
    15515346,
    15515354,
    15515366,
    15515374,
    15515387,
    15515400,
    15515428,
    15515470,
    15515537,
    15515546,
    15515577,
    15515590,
    15515599,
    15515611,
    15515840,
    15515853,
    15515890,
    15515899,
    15515904,
    15515910,
    15516016,
    15516036,
    15516070,
    15516088,
    15516096,
    15516108,
    15516145,
    15516154,
    15516410,
    15516428,
    15516483,
    15516516,
    15516536,
    15516541,
    15516574,
    15516606,
    15516659,
    15516807,
    15516820,
    15516829,
    15516841,
    15516877,
    15516908,
    15516921,
    15516930,
    15516942,
    15516987,
    15517025,
    15517097,
    15517128,
    15517139,
    15517162,
    15517175,
    15517187,
    15517576,
    15517613,
    15517656,
    15517668,
    15517698,
    15517804,
    15517848,
    15517869,
    15517886,
    15517898,
    15517921,
    15517927,
    15517937,
    15517947,
    15517961,
    15518093,
    15518113,
    15518291,
    15518302,
    15518308,
    15518313,
    15518319,
    15518334,
    15518343,
    15518352,
    15518388,
    15518402,
    15518408,
    15518417,
    15518426,
    15518439,
    15518507,
    15518512,
    15518521,
    15518530,
    15518543,
    15518552,
    15518566,
    15518575,
    15518601,
    15518603,
    15518609,
    15518619,
    15518627,
    15518670,
    15518695,
    15518715,
    15518721,
    15518727,
    15518788,
    15518839,
    15518955,
    15518995,
    15519149,
    15519248,
    15519317,
    15519326,
    15519393,
    15519418,
    15519458,
    15519481,
    15519487,
    15519496,
    15519505,
    15519512,
    15519556,
    15519573,
    15519604,
    15519631,
    15519641,
    15519662,
    15519699,
    15519723,
    15519970,
    15520009,
    15520070,
    15520793,
    15514123,
    15514608,
    15515346,
    15517128,
    15519631,
    15514728,
    15519280,
    15514960,
    15513001,
    15512509,
    15513133,
    15517155,
    15512859,
    15519160,
    15514704,
    15514648,
    15513617,
    15514904,
    15513601,
    15520498,
    15514624,
    15514897,
    15519298,
    15519647,
    15514985,
    15519414,
    15519371,
    15515074,
    15515846,
    15515842,
    15515881,
    15515872,
    15515732,
    15515728,
    15512625,
    15512724,
    15512755,
    15512774,
    15515384,
    15519502,
    15519474,
    15519467,
    15514018,
    15515531,
    15515523,
    15515583,
    15516914,
    15519454,
    15519450,
    15512124,
    15513955,
    15515360,
    15515557,
    15516888,
    15516893,
    15516883,
    15519440,
    15512916,
    15520787,
    15516136,
    15515984,
    15516101,
    15515173,
    15515988,
    15515993,
    15515997,
    15516098,
    15516128,
    15515562,
    15515552,
    15520582,
    15513341,
    15514104,
    15512329,
    15514334,
    15516813,
    15517783,
    15516781,
    15514324,
    15517997,
    15518655,
    15517780,
    15518965,
    15512326,
    15518465,
    15517906,
    15517774,
    15518802,
    15517861,
    15519041,
    15518586,
    15518390,
    15516785,
    15516777,
    15517240,
    15518009,
    15513346,
    15516392,
    15516048,
    15513120,
    15515180,
    15517164,
    15518099,
    15512021,
    15144030,
    15144071,
    15143528,
    15143538,
    15143619,
    15143687,
    15143701,
    15143713,
    15143732,
    15143766,
    15143968,
    15143981,
    15143986,
    15143994,
    15143609,
    15143530,
    15143520,
    15143707,
    15143657,
    15143693,
    15143664,
    15143639,
    15143647,
    15143974,
    15143952,
    15143947,
    15143939,
    15143587,
    15143581,
    15123042,
    15122873,
    15122980,
    15123007,
    15123017,
    15123322,
    15123433,
    15123540,
    15123558,
    15123616,
    15123651,
    15123661,
    15123674,
    15123687,
    15123116,
    15123126,
    15123042,
    15122849,
    15123023,
    15123013,
    15123554,
    15122986,
    15122973,
    15123667,
    15123653,
    15123647,
    15142769,
    15142966,
    15143007,
    15142543,
    15142581,
    15142591,
    15142647,
    15142661,
    15142674,
    15142739,
    15142755,
    15142776,
    15142832,
    15143014,
    15143121,
    15143142,
    15142745,
    15142732,
    15142667,
    15142571,
    15142552,
    15142649,
    15142535,
    15142638,
    15142587,
    15142930,
    15542869,
    15536605,
    15536329,
    15536360,
    15536375,
    15536401,
    15536468,
    15536486,
    15536499,
    15536554,
    15536664,
    15536492,
    15536481,
    15536370,
    15437611,
    15437636,
    15437672,
    15437700,
    15437713,
    15437726,
    15437741,
    15437766,
    15437808,
    15437829,
    15438346,
    15438384,
    15438423,
    15438515,
    15438578,
    15438589,
    15438635,
    15438640,
    15438673,
    15438726,
    15438603,
    15438595,
    15438599,
    15438584,
    15438568,
    15437824,
    15437690,
    15437685,
    15437719,
    15437596,
    15438721,
    15097872,
    11326946,
    15096943,
    15096949,
    15096993,
    15097003,
    15097099,
    15097115,
    15097186,
    15097196,
    15097291,
    15097300,
    15097458,
    15097522,
    15097548,
    15097558,
    15097570,
    15097626,
    15097695,
    15097743,
    15097791,
    15097856,
    15097872,
    15100282,
    15098916,
    15096859,
    15096872,
    15097196,
    15097522,
    15097785,
    15097737,
    15097688,
    15097614,
    15097833,
    15097628,
    11326937,
    15097162,
    15097247,
    15096880,
    15096876,
    15097355,
    15998918,
    15998934,
    15999037,
    15999065,
    15999080,
    15999119,
    15999164,
    15999175,
    15999189,
    15999201,
    15999214,
    15999227,
    15999255,
    15999268,
    15999291,
    15999304,
    15999313,
    15999318,
    15999332,
    15999356,
    15999366,
    15999377,
    15999416,
    15999422,
    15999424,
    15999439,
    15999449,
    15999455,
    15999465,
    15999987,
    15999998,
    16000018,
    16000033,
    16000064,
    16000075,
    16000090,
    16000124,
    16000140,
    16000150,
    16000173,
    16000182,
    16000196,
    16000210,
    16000222,
    16000236,
    16000269,
    16000283,
    16000285,
    16000300,
    16000370,
    16000376,
    16000387,
    16000402,
    16000421,
    16000463,
    16000476,
    16000495,
    16000508,
    16000613,
    16000632,
    16000637,
    16000649,
    16000672,
    16000729,
    16000743,
    16000757,
    16000773,
    16000787,
    16000819,
    16000837,
    16000839,
    16000874,
    16000890,
    16000903,
    16001098,
    16001126,
    16001142,
    16001171,
    16001257,
    16001887,
    16001900,
    16001919,
    16001932,
    16002948,
    16002968,
    16003333,
    16000664,
    15998897,
    15999424,
    16000376,
    16000672,
    16002948,
    15999362,
    16001236,
    16001266,
    15999241,
    15999338,
    16000864,
    16000608,
    16000112,
    16000976,
    16000682,
    16001070,
    15999245,
    15999281,
    16000427,
    16000165,
    16000133,
    16000084,
    15999195,
    16000584,
    16000212,
    16000478,
    16000448,
    16000290,
    15999207,
    15999185,
    16000060,
    16000070,
    15999170,
    16000024,
    15999147,
    15999043,
    15999039,
    16000008,
    15999112,
    16003298,
    16002958,
    16001909,
    15999071,
    16001986,
    16000735,
    16000763,
    16000779,
    15999989,
    16000720,
    16000749,
    16000833,
    16001132,
    16001119,
    15999484,
    15998959,
    15999099,
    15999010,
    16001164,
    15998927,
    16001060,
    16000577,
    15999233,
    16001229,
    16003305,
    16000130,
    16000156,
    15999274,
    16001902,
    16000856,
    15999372,
    15999461,
    15999445,
    16000469,
    16000880,
    15999261,
    16000202,
    16001872,
    15999324,
    16001893,
    15999024,
    16000394,
    15999451,
    15999297,
    16000501,
    16000188,
    16000279,
    16000228,
    16000485,
    16000992,
    16000570,
    16000622,
    16001160,
    15998924,
    15354136,
    15354235,
    15354289,
    15354224,
    15464481,
    15462950,
    15462886,
    15462856,
    15463357,
    15461963,
    15461979,
    15462054,
    15462058,
    15462155,
    15462189,
    15462219,
    15462238,
    15462242,
    15462295,
    15462319,
    15462331,
    15462363,
    15462391,
    15462408,
    15462413,
    15462442,
    15462795,
    15462836,
    15462849,
    15462865,
    15462895,
    15462921,
    15463011,
    15463237,
    15463245,
    15463282,
    15463459,
    15463474,
    15463490,
    15463502,
    15463511,
    15463524,
    15463532,
    15463568,
    15463721,
    15463744,
    15463854,
    15464035,
    15464054,
    15464070,
    15464082,
    15464092,
    15464105,
    15464114,
    15464165,
    15464200,
    15464331,
    15464388,
    15464434,
    15464438,
    15464458,
    15463107,
    15462384,
    15462814,
    15462805,
    15462353,
    15462801,
    15462841,
    15462400,
    15461969,
    15461943,
    15462225,
    15462212,
    15462172,
    15463448,
    15463465,
    15463552,
    15463651,
    15463639,
    15463545,
    15463562,
    15463504,
    15463517,
    15463168,
    15463480,
    15463492,
    15464098,
    15464084,
    15464024,
    15464060,
    15464072,
    15464623,
    15464394,
    15464315,
    15464145,
    15464041,
    15464186,
    15464158,
    15464251,
    15464245,
    15461985,
    15464134,
    15462927,
    15716873,
    11372600,
    15716669,
    15716683,
    15716813,
    15716848,
    15717083,
    15717187,
    15716841,
    15716660,
    15716675,
    15788303,
    15793220,
    15793272,
    15793287,
    15793641,
    15794164,
    15793557,
    15793600,
    15793627,
    15793449,
    15793278,
    15793263,
    15793445,
    15793535,
    15793530,
    15793623,
    15793497,
    15793422,
    15793326,
    15295142,
    15295151,
    15295233,
    15295245,
    15295270,
    15295299,
    15295346,
    15295568,
    15295619,
    15295510,
    15295712,
    15295348,
    15295205,
    15295301,
    15295261,
    15295127,
    15295216,
    15295251,
    11373811,
    15730229,
    15730256,
    15730369,
    15730464,
    15730476,
    15730485,
    15730500,
    15730508,
    15730548,
    15730561,
    15731527,
    15731565,
    15731576,
    15731607,
    15731768,
    15732062,
    15732112,
    15732162,
    15732287,
    15730598,
    15730539,
    15731571,
    15730495,
    15732104,
    15730470,
    15732153,
    15412400,
    15412183,
    15412192,
    15412201,
    15412210,
    15412248,
    15412257,
    15412266,
    15412275,
    15412349,
    15412363,
    15412379,
    15412429,
    15412471,
    15412480,
    15412494,
    15412499,
    15412617,
    15412675,
    15412489,
    15412512,
    15412607,
    15412600,
    15412372,
    15412426,
    15412185,
    15412250,
    15412176,
    15216372,
    15216388,
    15216516,
    15216547,
    15216581,
    15216613,
    15216663,
    15216682,
    15216771,
    15216794,
    15216806,
    15216818,
    15216914,
    15216929,
    15216945,
    15216957,
    15216966,
    15216979,
    15216987,
    15217172,
    15217193,
    15217467,
    15216692,
    15216669,
    15216676,
    15216959,
    15216920,
    15216904,
    15216972,
    15216947,
    15216935,
    15216355,
    15216378,
    15217696,
    15050942,
    15050995,
    15051001,
    15051084,
    15051107,
    15051132,
    15051151,
    15051177,
    15051186,
    15051500,
    15051540,
    15051555,
    15051192,
    15051179,
    15051488,
    15051124,
    15051550,
    16061807,
    16061839,
    16061850,
    16061867,
    16061884,
    16061894,
    16061915,
    16061923,
    16061936,
    16061949,
    16061960,
    16061973,
    16062013,
    16062031,
    16062033,
    16062052,
    16062125,
    16062138,
    16062161,
    16062174,
    16062183,
    16062192,
    16062201,
    16062215,
    16062240,
    16062275,
    16062280,
    16062336,
    16062360,
    16062408,
    16061797,
    16062293,
    16062192,
    16062360,
    16062491,
    16061856,
    16062246,
    16062495,
    16061877,
    16061908,
    16061951,
    16062151,
    16062325,
    16061832,
    16062042,
    16062400,
    16061845,
    16062144,
    16061873,
    16061900,
    16062112,
    16062131,
    16062208,
    16061942,
    16062167,
    16062027,
    16061929,
    16061966,
    15392856,
    15392769,
    15392819,
    15392836,
    15392895,
    15392904,
    15392918,
    15392923,
    15392970,
    15392995,
    15392913,
    15392933,
    15392959,
    15392952,
    15392829,
    15484127,
    15586568,
    15586614,
    15586635,
    15586694,
    15586720,
    15586729,
    15586737,
    15586742,
    15586747,
    15586760,
    15586956,
    15586965,
    15587024,
    15587047,
    15587060,
    15587075,
    15587088,
    15587097,
    15587106,
    15587145,
    15587167,
    15588563,
    15588569,
    15588580,
    15588616,
    15588630,
    15588660,
    15588667,
    15588676,
    15588689,
    15588698,
    15588711,
    15588723,
    15588739,
    15588744,
    15588755,
    15588772,
    15588785,
    15588983,
    15589067,
    15589095,
    15589104,
    15589125,
    15589147,
    15589162,
    15589189,
    15589207,
    15589226,
    15589263,
    15589273,
    15589330,
    15589355,
    15589366,
    15589493,
    15589514,
    15589569,
    15589578,
    15589600,
    15586554,
    15587024,
    15587036,
    15589067,
    15589428,
    15588732,
    15588576,
    15588651,
    15587040,
    15589153,
    15589218,
    15589269,
    15587081,
    15587066,
    15587053,
    15589088,
    15589097,
    15586949,
    15586716,
    15586667,
    15586660,
    15586664,
    15586586,
    15587011,
    15588799,
    15586544,
    15586519,
    15586561,
    15588627,
    15586610,
    15589293,
    15586483,
    15588765,
    15588750,
    15586551,
    15586530,
    15587015,
    15588790,
    15588989,
    15587190,
    15587195,
    15587197,
    15588967,
    15587156,
    14937306,
    14937351,
    14937392,
    14937441,
    14937491,
    14937502,
    14937527,
    14937567,
    14937578,
    14937583,
    14937613,
    14937637,
    14937653,
    14937717,
    14937733,
    14937593,
    14937573,
    14937293,
    15132413,
    15131757,
    15131761,
    15131769,
    15131788,
    15131807,
    15131832,
    15131839,
    15131861,
    15131876,
    15132162,
    15132184,
    15132210,
    15132212,
    15132247,
    15132279,
    15132318,
    15132355,
    15132643,
    15132656,
    15132673,
    15132682,
    15132697,
    15132711,
    15132728,
    15132741,
    15133505,
    15133522,
    15133535,
    15133548,
    15133553,
    15133769,
    15133784,
    15133790,
    15133800,
    15133810,
    15133884,
    15133890,
    15133895,
    15134019,
    15134025,
    15134031,
    15134049,
    15134164,
    15134166,
    15134271,
    15132212,
    15132376,
    15131856,
    15131809,
    15133555,
    15132172,
    15131803,
    15131746,
    15132235,
    15132649,
    15132636,
    15132666,
    15132688,
    15133771,
    15134152,
    15132703,
    15133072,
    15133515,
    15133541,
    15133528,
    15143475,
    15143244,
    15143260,
    15143276,
    15143298,
    15143305,
    15143430,
    15143446,
    15143489,
    15143286,
    15143293,
    15143416,
    15143266,
    15143250,
    15143436,
    15143239,
    15608587,
    15608514,
    15608577,
    15567844,
    15563125,
    15559414,
    15559516,
    15559536,
    15559545,
    15559554,
    15559581,
    15559602,
    15559684,
    15559701,
    15559734,
    15559750,
    15559760,
    15559773,
    15559794,
    15559821,
    15559827,
    15559837,
    15559847,
    15559868,
    15559972,
    15559978,
    15559988,
    15559994,
    15560004,
    15560014,
    15560024,
    15560099,
    15560170,
    15560177,
    15560197,
    15560217,
    15560255,
    15560270,
    15560279,
    15560291,
    15560305,
    15560314,
    15560320,
    15560329,
    15560335,
    15560344,
    15560353,
    15560362,
    15560419,
    15560428,
    15560503,
    15560522,
    15560527,
    15560538,
    15560547,
    15560594,
    15560737,
    15560753,
    15560762,
    15560793,
    15560820,
    15560860,
    15560875,
    15561475,
    15561506,
    15561552,
    15561563,
    15563013,
    15563022,
    15563051,
    15563073,
    15563092,
    15563135,
    15563160,
    15563187,
    15563202,
    15563921,
    15563965,
    15564013,
    15564040,
    15564084,
    15564097,
    15564126,
    15564132,
    15564142,
    15564152,
    15564165,
    15564398,
    15564406,
    15564553,
    15564583,
    15564589,
    15564599,
    15564609,
    15564622,
    15564756,
    15564802,
    15564823,
    15564829,
    15564839,
    15564849,
    15564870,
    15565044,
    15565100,
    15565222,
    15565228,
    15565234,
    15565303,
    15565312,
    15565335,
    15565376,
    15565385,
    15565398,
    15565408,
    15565568,
    15565602,
    15565643,
    15565682,
    15565879,
    15565890,
    15565896,
    15565900,
    15565906,
    15565914,
    15565938,
    15565954,
    15565960,
    15565968,
    15565976,
    15565992,
    15566066,
    15566096,
    15566100,
    15566108,
    15566116,
    15566130,
    15566138,
    15566154,
    15566162,
    15566178,
    15566186,
    15566214,
    15566220,
    15566230,
    15566236,
    15566324,
    15566372,
    15566378,
    15566384,
    15566412,
    15567004,
    15567010,
    15567020,
    15567052,
    15567062,
    15567084,
    15567204,
    15567214,
    15567235,
    15567245,
    15567554,
    15567594,
    15567603,
    15567619,
    15567625,
    15567630,
    15567684,
    15567693,
    15567715,
    15567724,
    15567748,
    15567754,
    15567760,
    15567806,
    15567854,
    15568128,
    15568134,
    15568144,
    15568154,
    15568687,
    15568728,
    15568734,
    15568740,
    15568959,
    15568965,
    15568975,
    15568981,
    15568990,
    15569070,
    15569108,
    15569229,
    15569235,
    15569245,
    15569255,
    15569264,
    15569350,
    15569398,
    15569407,
    15569418,
    15569424,
    15569430,
    15569803,
    15569816,
    15569847,
    15569856,
    15569861,
    15569867,
    15570128,
    15570327,
    15560170,
    15560428,
    15560527,
    15569407,
    15569708,
    15569704,
    15563067,
    15569809,
    15569805,
    15569838,
    15569829,
    15563044,
    15559529,
    15563002,
    15562999,
    15559472,
    15559597,
    15559594,
    15559571,
    15559567,
    15559680,
    15568944,
    15559807,
    15559723,
    15560783,
    15567886,
    15565369,
    15565365,
    15565391,
    15565404,
    15565096,
    15560728,
    15564392,
    15565328,
    15565676,
    15563914,
    15560190,
    15560534,
    15564112,
    15566422,
    15564196,
    15566200,
    15566020,
    15563941,
    15569499,
    15565944,
    15564030,
    15567799,
    15569300,
    15570097,
    15560210,
    15563028,
    15559587,
    15564668,
    15569216,
    15567098,
    15559690,
    15559661,
    15564685,
    15569677,
    15559932,
    15569020,
    15559908,
    15559925,
    15569080,
    15564940,
    15570080,
    15564933,
    15559697,
    15564568,
    15569547,
    15568113,
    15560245,
    15564808,
    15479435,
    15477353,
    15477606,
    15477673,
    15477714,
    15477739,
    15477769,
    15477824,
    15477841,
    15477883,
    15477889,
    15477898,
    15477907,
    15477920,
    15477970,
    15478064,
    15478077,
    15478083,
    15478093,
    15478103,
    15478307,
    15478324,
    15478348,
    15478413,
    15478442,
    15478457,
    15478573,
    15478591,
    15478790,
    15478811,
    15478817,
    15478822,
    15478831,
    15478852,
    15478931,
    15478940,
    15478949,
    15478987,
    15479027,
    15479059,
    15479064,
    15479069,
    15479127,
    15479133,
    15479139,
    15479154,
    15479160,
    15479166,
    15479172,
    15479196,
    15479206,
    15479237,
    15479243,
    15479249,
    15479267,
    15479277,
    15479300,
    15479310,
    15479370,
    15479508,
    15479514,
    15479519,
    15479528,
    15479544,
    15479619,
    15479643,
    15479648,
    15479653,
    15479784,
    15479807,
    15477758,
    15479909,
    15479872,
    15477956,
    15477872,
    15477679,
    15479496,
    15478900,
    15479572,
    15479764,
    15478798,
    15477622,
    15716057,
    11372551,
    15715853,
    15715867,
    15715997,
    15716032,
    15716046,
    15716267,
    15716371,
    15716038,
    15716025,
    15715844,
    15715859
]