[
    15990274,
    15990274,
    15981987,
    15982000,
    15982012,
    15982025,
    15982033,
    15982041,
    15982048,
    15982054,
    15982076,
    15982083,
    15982340,
    15982347,
    15982362,
    15982396,
    15982450,
    15982491,
    15982500,
    15982520,
    15982536,
    15982546,
    15982556,
    15982570,
    15982576,
    15982586,
    15982603,
    15982616,
    15982628,
    15982647,
    15982653,
    15982663,
    15982673,
    15982687,
    15982728,
    15982755,
    15982783,
    15982840,
    15982846,
    15982857,
    15982880,
    15982886,
    15982895,
    15982904,
    15982913,
    15982921,
    15982923,
    15982971,
    15982987,
    15982999,
    15983016,
    15983025,
    15983034,
    15983063,
    15983076,
    15983097,
    15983103,
    15983113,
    15983123,
    15983144,
    15983176,
    15983203,
    15983226,
    15983235,
    15983243,
    15983245,
    15983254,
    15983260,
    15983269,
    15983274,
    15983279,
    15983285,
    15983304,
    15983310,
    15983320,
    15983330,
    15983343,
    15983373,
    15983395,
    15983416,
    15983434,
    15983479,
    15983518,
    15983527,
    15983543,
    15983553,
    15983559,
    15983585,
    15983592,
    15983598,
    15983611,
    15983619,
    15983810,
    15983832,
    15983839,
    15983875,
    15983889,
    15983907,
    15983926,
    15983934,
    15983987,
    15984002,
    15984018,
    15984029,
    15984040,
    15985087,
    15985100,
    15985155,
    15985171,
    15985183,
    15985199,
    15985207,
    15985215,
    15985243,
    15985256,
    15985277,
    15985283,
    15985293,
    15985303,
    15985324,
    15985356,
    15985379,
    15985402,
    15985414,
    15985426,
    15985432,
    15985440,
    15985446,
    15985454,
    15985462,
    15985470,
    15985476,
    15985500,
    15985525,
    15985575,
    15985584,
    15985608,
    15985614,
    15985651,
    15985656,
    15985673,
    15985713,
    15985731,
    15985741,
    15985755,
    15985823,
    15985839,
    15985849,
    15985864,
    15985881,
    15985910,
    15985917,
    15985923,
    15985936,
    15985942,
    15985963,
    15985973,
    15985983,
    15986013,
    15986158,
    15986165,
    15986220,
    15986236,
    15986250,
    15986257,
    15986263,
    15986278,
    15986296,
    15986319,
    15986336,
    15986344,
    15986372,
    15986389,
    15986446,
    15986459,
    15986468,
    15986474,
    15986483,
    15986489,
    15986494,
    15986503,
    15986514,
    15986523,
    15986529,
    15986547,
    15986556,
    15986562,
    15986588,
    15986747,
    15986757,
    15986781,
    15986820,
    15986859,
    15986871,
    15986891,
    15986903,
    15986909,
    15986915,
    15986921,
    15986929,
    15986935,
    15986947,
    15986956,
    15986965,
    15986971,
    15986979,
    15986997,
    15987003,
    15987012,
    15987017,
    15987108,
    15987157,
    15987162,
    15987167,
    15987203,
    15987208,
    15987217,
    15987226,
    15987232,
    15987242,
    15987251,
    15987257,
    15987267,
    15987276,
    15987282,
    15987300,
    15987341,
    15987356,
    15987362,
    15987368,
    15987386,
    15987418,
    15987420,
    15987428,
    15987441,
    15987458,
    15987462,
    15987468,
    15987487,
    15987493,
    15987503,
    15987509,
    15987519,
    15987551,
    15987571,
    15987592,
    15987604,
    15987637,
    15987650,
    15987658,
    15987664,
    15987674,
    15987682,
    15987688,
    15987760,
    15987772,
    15987779,
    15987795,
    15987832,
    15987848,
    15987862,
    15987869,
    15987875,
    15987890,
    15987908,
    15987931,
    15987948,
    15987959,
    15987982,
    15987988,
    15987994,
    15988004,
    15988025,
    15988049,
    15988075,
    15988096,
    15988108,
    15988114,
    15988120,
    15988134,
    15988148,
    15988181,
    15988196,
    15988224,
    15988239,
    15988248,
    15988273,
    15988292,
    15988298,
    15988304,
    15988317,
    15988360,
    15988366,
    15988382,
    15988396,
    15988424,
    15988437,
    15988446,
    15988459,
    15988468,
    15988474,
    15988480,
    15988494,
    15988516,
    15988572,
    15988584,
    15988591,
    15988597,
    15988612,
    15988618,
    15988641,
    15988658,
    15988674,
    15988696,
    15988714,
    15988724,
    15988737,
    15988764,
    15988771,
    15988783,
    15988795,
    15988802,
    15988856,
    15988882,
    15988889,
    15988910,
    15988928,
    15988951,
    15988968,
    15988979,
    15989001,
    15989012,
    15989059,
    15989076,
    15989082,
    15989088,
    15989109,
    15989126,
    15989139,
    15989232,
    15989239,
    15989251,
    15989302,
    15989317,
    15989328,
    15989344,
    15989352,
    15989360,
    15989388,
    15989401,
    15989421,
    15989427,
    15989437,
    15989447,
    15989471,
    15989505,
    15989531,
    15989547,
    15989559,
    15989568,
    15989570,
    15989578,
    15989584,
    15989592,
    15989596,
    15989600,
    15989610,
    15989619,
    15989689,
    15989695,
    15989701,
    15989711,
    15989726,
    15989734,
    15989761,
    15989783,
    15989796,
    15989830,
    15989852,
    15989858,
    15989867,
    15989872,
    15989971,
    15990020,
    15990025,
    15990030,
    15990080,
    15990086,
    15990102,
    15990254,
    15990326,
    15990425,
    15990435,
    15990449,
    15990491,
    15990497,
    15990514,
    15990535,
    15990545,
    15990559,
    15990737,
    15990790,
    15990807,
    15990851,
    15990879,
    15990891,
    15990935,
    15991103,
    15991123,
    15991129,
    15991139,
    15991149,
    15991162,
    15991192,
    15991219,
    15991228,
    15991233,
    15991249,
    15991257,
    15991282,
    15991329,
    15991384,
    15991438,
    15991456,
    15991474,
    15991484,
    15991495,
    15991513,
    15991523,
    15991529,
    15991540,
    15991548,
    15991554,
    15991564,
    15991579,
    15991588,
    15991611,
    15991617,
    15991625,
    15991629,
    15991722,
    15991769,
    15991773,
    15991777,
    15991800,
    15991808,
    15991814,
    15991826,
    15991832,
    15991836,
    15991844,
    15991851,
    15991859,
    15991865,
    15991874,
    15991882,
    15991888,
    15991901,
    15991911,
    15991936,
    15991945,
    15991994,
    15992003,
    15992009,
    15992015,
    15992036,
    15992048,
    15992082,
    15992091,
    15992122,
    15992131,
    15992137,
    15992143,
    15992156,
    15992168,
    15992185,
    15992197,
    15992241,
    15992253,
    15992286,
    15992365,
    15992387,
    15992412,
    15992429,
    15992435,
    15992441,
    15992447,
    15992532,
    15992568,
    15992574,
    15992580,
    15992657,
    15992691,
    15992704,
    15992714,
    15992722,
    15992801,
    15992827,
    15992852,
    15992925,
    15992947,
    15992971,
    15993086,
    15993109,
    15993133,
    15993144,
    15993274,
    15993288
]