[
    15608752,
    15990274,
    15990116,
    15991306,
    15983765,
    15984246,
    15982041,
    15991306,
    15981949,
    15982041,
    15983765,
    15984246,
    15990116,
    15990274,
    15460619,
    15460619,
    15459876,
    16068652,
    16074613,
    16076055,
    16070426,
    16067999,
    16076055,
    16067066,
    16067999,
    16068652,
    16070426,
    16074613,
    15504451,
    15507274,
    15504080,
    15506779,
    15504499,
    15506810,
    15505179,
    15506749,
    15504451,
    15507274,
    15505179,
    15503512,
    15504080,
    15504499,
    15506749,
    15506779,
    15506810,
    15127334,
    15127334,
    15125925,
    15491124,
    15491124,
    15490870,
    15496761,
    15496761,
    15496171,
    16091146,
    16087503,
    16088048,
    16088150,
    16095931,
    16095931,
    16091146,
    16086489,
    16087503,
    16088048,
    16088150,
    15540416,
    15540416,
    15536756,
    15635921,
    15634882,
    15631603,
    15632917,
    15635921,
    15634882,
    15631603,
    15630578,
    15632917,
    15130821,
    15130821,
    15128357,
    15522755,
    15523273,
    15523145,
    15523562,
    15522866,
    15522709,
    15523099,
    15523273,
    15522709,
    15522489,
    15522755,
    15522866,
    15523099,
    15523145,
    15523562,
    15615212,
    15615212,
    15614966,
    15615601,
    15615601,
    15615498,
    15641178,
    15642491,
    15640755,
    15642279,
    15642491,
    15640222,
    15640755,
    15641178,
    15642279,
    15139554,
    15139494,
    15135848,
    15138056,
    15136331,
    15140079,
    15136240,
    15137521,
    15136276,
    15138806,
    15136183,
    15139645,
    15135848,
    15134465,
    15136183,
    15136240,
    15136276,
    15136331,
    15137521,
    15138056,
    15138806,
    15139494,
    15139554,
    15139645,
    15140079,
    15464481,
    15462433,
    15464449,
    15462950,
    15462886,
    15462856,
    15462310,
    15463086,
    15463735,
    15462135,
    15462652,
    15463357,
    15462886,
    15462856,
    15463357,
    15462950,
    15464481,
    15461855,
    15462135,
    15462310,
    15462433,
    15462652,
    15463086,
    15463735,
    15464449,
    15716873,
    15716873,
    15716623,
    15395013,
    15394630,
    15395656,
    15395209,
    15396780,
    15393709,
    15395535,
    15394512,
    15393489,
    15393617,
    15394227,
    15395892,
    15394204,
    15393709,
    15394630,
    15395013,
    15395892,
    15395656,
    15395209,
    15394512,
    15393114,
    15393489,
    15393617,
    15394204,
    15394227,
    15395535,
    15396780,
    15412462,
    15412590,
    15412400,
    15412241,
    15412654,
    15412342,
    15412400,
    15412126,
    15412241,
    15412342,
    15412462,
    15412590,
    15412654,
    15392856,
    15392762,
    15392856,
    15392731,
    15392762,
    15516870,
    15517350,
    15517606,
    15513704,
    15518926,
    15517649,
    15518875,
    15516509,
    15517406,
    15518875,
    15517350,
    15516870,
    15516509,
    15517649,
    15517606,
    15511312,
    15513704,
    15517406,
    15518926,
    15143448,
    15143475,
    15143475,
    15143244,
    15143448,
    15142769,
    15142966,
    15143007,
    15142966,
    15142769,
    15143007,
    15142543,
    15387457,
    15386209,
    15388418,
    15384678,
    15385159,
    15387687,
    15385321,
    15386665,
    15386797,
    15384625,
    15385010,
    15387383,
    15386297,
    15384699,
    15385949,
    15385321,
    15384678,
    15387457,
    15386665,
    15384387,
    15384625,
    15384699,
    15385010,
    15385159,
    15385949,
    15386209,
    15386297,
    15386797,
    15387383,
    15387687,
    15388418,
    15391361,
    15390529,
    15391555,
    15389997,
    15390417,
    15391441,
    15391603,
    15392244,
    15390038,
    15390263,
    15391289,
    15390779,
    15389950,
    15389997,
    15391603,
    15391555,
    15391361,
    15390779,
    15389443,
    15389950,
    15390038,
    15390263,
    15390417,
    15390529,
    15391289,
    15391441,
    15392244,
    15405601,
    15405729,
    15406589,
    15406724,
    15407073,
    15408420,
    15405864,
    15406782,
    15407694,
    15405843,
    15407892,
    15407510,
    15406651,
    15406908,
    15405278,
    15405438,
    15407583,
    15405843,
    15407694,
    15406782,
    15404903,
    15405278,
    15405438,
    15405601,
    15405729,
    15405864,
    15406589,
    15406651,
    15406724,
    15406908,
    15407073,
    15407510,
    15407583,
    15407892,
    15408420,
    15716057,
    15716057,
    15715807,
    15016162,
    15018215,
    15017676,
    15015405,
    15017971,
    15017971,
    15015405,
    15017676,
    15013762,
    15016162,
    15018215,
    15400289,
    15402145,
    15398147,
    15400217,
    15399624,
    15399786,
    15399565,
    15397966,
    15399887,
    15399951,
    15399345,
    15400367,
    15398197,
    15398773,
    15399480,
    15400793,
    15401629,
    15400793,
    15400217,
    15397306,
    15397966,
    15398147,
    15398197,
    15398773,
    15399345,
    15399480,
    15399565,
    15399624,
    15399786,
    15399887,
    15399951,
    15400289,
    15400367,
    15401629,
    15402145,
    15465418,
    15465386,
    15465386,
    15465333,
    15465418,
    15402881,
    15403645,
    15403051,
    15404302,
    15403705,
    15403611,
    15403133,
    15403705,
    15403051,
    15402766,
    15402881,
    15403133,
    15403611,
    15403645,
    15404302,
    15389282,
    15389124,
    15389382,
    15389215,
    15389382,
    15389282,
    15389090,
    15389124,
    15389215,
    15144030,
    15144071,
    15144071,
    15144030,
    15143528,
    15542869,
    15542869,
    15542791,
    15536605,
    15536605,
    15536319,
    15567844,
    15561545,
    15561577,
    15560875,
    15563125,
    15560853,
    15561563,
    15560892,
    15563125,
    15567844,
    15559404,
    15560853,
    15560875,
    15560892,
    15561545,
    15561563,
    15561577,
    15478457,
    15479435,
    15479435,
    15477340,
    15478457,
    15132413,
    15132413,
    15131757,
    15555333,
    15555016,
    15556489,
    15555887,
    15555228,
    15556286,
    15556286,
    15555333,
    15554829,
    15555016,
    15555228,
    15555887,
    15556489,
    15501440,
    15501257,
    15501298,
    15500989,
    15501567,
    15501257,
    15501440,
    15500674,
    15500989,
    15501298,
    15501567,
    15829026,
    15829005,
    15829810,
    15829051,
    15828927,
    15829005,
    15829051,
    15828838,
    15828927,
    15829026,
    15829810,
    15713735,
    15713735,
    15713487,
    15724610,
    15724610,
    15724322,
    16039156,
    16039198,
    16039156,
    16038769,
    16039198,
    15240920,
    15240891,
    15240963,
    15240891,
    15240824,
    15240920,
    15240963,
    15972026,
    15971652,
    15972026,
    15971652,
    15971356,
    15951398,
    15951398,
    15950556,
    15952792,
    15952844,
    15953939,
    15953388,
    15953939,
    15953388,
    15952844,
    15952703,
    15952792,
    15974191,
    15974191,
    15973889,
    15975768,
    15977337,
    15976212,
    15976789,
    15976212,
    15977337,
    15976789,
    15975577,
    15975768,
    15945977,
    15945977,
    15945718,
    15950433,
    15950433,
    15950096,
    15949346,
    15949346,
    15948845,
    15958080,
    15956686,
    15956686,
    15958080,
    15955755,
    15410795,
    15410795,
    15410680,
    15409571,
    15410332,
    15409174,
    15409535,
    15410332,
    15409535,
    15409174,
    15408980,
    15409571,
    15411172,
    15411172,
    15410872,
    15723340,
    15723340,
    15723055,
    15717993,
    15717738,
    15719141,
    15719159,
    15717738,
    15717429,
    15717993,
    15719141,
    15719159,
    15413569,
    15414929,
    15414285,
    15413569,
    15413171,
    15414285,
    15414929,
    14989924,
    14990188,
    14988950,
    14990188,
    14989924,
    14988950,
    14987221,
    15022701,
    15022701,
    15022578,
    15721456,
    15721673,
    15722933,
    15722951,
    15721456,
    15721108,
    15721673,
    15722933,
    15722951,
    15466209,
    15466983,
    15467217,
    15468663,
    15467583,
    15467217,
    15466983,
    15465967,
    15466209,
    15467583,
    15468663,
    11373563,
    11373563,
    11373426,
    15729056,
    15730117,
    15729456,
    15729462,
    15730135,
    15729462,
    15729456,
    15728599,
    15729056,
    15730117,
    15730135,
    15298304,
    15298934,
    15298207,
    15298304,
    15297847,
    15298207,
    15298934,
    15300544,
    15301410,
    15302308,
    15300614,
    15301410,
    15300614,
    15299515,
    15300544,
    15302308,
    15959237,
    15959237,
    15958155,
    15964631,
    15965220,
    15961253,
    15965286,
    15962876,
    15962308,
    15964658,
    15962802,
    15961943,
    15963900,
    15964191,
    15964658,
    15965220,
    15963900,
    15961253,
    15961943,
    15965286,
    15964631,
    15964191,
    15962876,
    15962802,
    15962308,
    15960058,
    15144554,
    15144476,
    15144524,
    15144476,
    15144554,
    15144524,
    15144427,
    15541553,
    15541553,
    15541188,
    15571719,
    15572533,
    15572262,
    15572183,
    15572533,
    15572183,
    15572262,
    15570591,
    15571719,
    15483026,
    15483026,
    15482078,
    15933376,
    15933441,
    15934114,
    15934981,
    15933612,
    15934318,
    15933745,
    15935517,
    15934677,
    15933335,
    15933593,
    15933533,
    15933376,
    15933192,
    15933335,
    15933441,
    15933533,
    15933593,
    15933612,
    15933745,
    15934114,
    15934318,
    15934677,
    15934981,
    15935517,
    15240680,
    15240720,
    15240598,
    15240680,
    15240598,
    15240720,
    14927112,
    14927385,
    14927533,
    14927533,
    14927385,
    14926867,
    14927112,
    15320224,
    15320134,
    15320173,
    15319822,
    15320083,
    15319766,
    15320191,
    15320083,
    15319726,
    15319766,
    15319822,
    15320134,
    15320173,
    15320191,
    15320224,
    15310168,
    15310339,
    15310168,
    15309997,
    15310339,
    15912279,
    15911622,
    15911439,
    15911622,
    15911314,
    15911439,
    15912279,
    15226416,
    15226156,
    15226255,
    15226255,
    15226142,
    15226156,
    15226416,
    16104780,
    16104846,
    16104846,
    16104780,
    16104303,
    16101872,
    16101872,
    16101535,
    16103158,
    16103158,
    16102417,
    16100998,
    16100998,
    16100671,
    16105970,
    16106223,
    16106223,
    16105970,
    16105663,
    15714856,
    15714586,
    15715701,
    15715719,
    15714586,
    15715719,
    15714856,
    15715701,
    15714260,
    15712564,
    15713381,
    15712294,
    15713399,
    15712294,
    15713399,
    15712564,
    15713381,
    15711963,
    15719782,
    15721013,
    15719566,
    15721031,
    15719566,
    15721031,
    15719782,
    15721013,
    15719220,
    15589137,
    15587603,
    15588606,
    15589137,
    15586522,
    15587603,
    15588606,
    14990448,
    14990448,
    14990392,
    14994434,
    14994434,
    14993760,
    16064999,
    16064999,
    16064329,
    15470116,
    15472261,
    15471494,
    15473832,
    15471307,
    15469710,
    15475669,
    15473832,
    15472261,
    15471494,
    15475669,
    15470116,
    15469710,
    15469246,
    15471307,
    15457801,
    15457801,
    15457523,
    15376587,
    15373668,
    15373630,
    15376587,
    15373630,
    15373049,
    15373668,
    15340940,
    15340317,
    15340940,
    15340317,
    15339345,
    15584457,
    15584457,
    15584179,
    15604072,
    15604072,
    15603827,
    15494159,
    15494159,
    15493923,
    15557391,
    15557391,
    15557155,
    15627656,
    15627656,
    15627411,
    15380823,
    15380823,
    15380153,
    15552825,
    15552825,
    15552547,
    16084743,
    16084743,
    16084073,
    15430315,
    15433949,
    15425887,
    15433949,
    15425720,
    15425887,
    15430315,
    15309624,
    15309770,
    15309437,
    15309398,
    15309437,
    15309314,
    15309398,
    15309624,
    15309770,
    15806343,
    15806325,
    15805166,
    15805447,
    15805447,
    15806343,
    15806325,
    15804884,
    15805166,
    15214504,
    15214218,
    15214504,
    15214218,
    15213844,
    15897730,
    15900561,
    15898585,
    15900285,
    15899359,
    15900561,
    15898585,
    15900285,
    15897225,
    15897730,
    15899359,
    15821600,
    15822996,
    15822900,
    15821311,
    15822996,
    15821600,
    15822900,
    15821036,
    15821311,
    15686594,
    15688069,
    15686966,
    15688087,
    15688087,
    15686966,
    15688069,
    15686254,
    15686594,
    15824997,
    15824165,
    15825015,
    15823832,
    15823515,
    15825015,
    15824165,
    15824997,
    15823832,
    15823060,
    15823515,
    15318716,
    15317193,
    15315562,
    15316139,
    15316746,
    15317715,
    15313975,
    15315287,
    15317017,
    15316284,
    15317885,
    15317017,
    15316139,
    15315562,
    15313593,
    15313975,
    15315287,
    15316284,
    15316746,
    15317193,
    15317715,
    15317885,
    15318716,
    15903780,
    15902001,
    15901170,
    15903381,
    15902783,
    15903780,
    15902001,
    15903381,
    15900665,
    15901170,
    15902783,
    15819345,
    15819659,
    15820948,
    15820966,
    15820966,
    15819345,
    15820948,
    15818980,
    15819659,
    15897125,
    15894950,
    15896997,
    15894718,
    15894751,
    15897125,
    15894950,
    15896997,
    15894322,
    15894718,
    15894751,
    15892775,
    15892009,
    15891826,
    15894235,
    15894013,
    15894235,
    15892009,
    15894013,
    15891426,
    15891826,
    15892775,
    15643890,
    15644366,
    15643710,
    15643710,
    15643890,
    15644366,
    15643444,
    15691519,
    15691972,
    15693253,
    15693271,
    15693271,
    15691972,
    15693253,
    15691118,
    15691519,
    15330296,
    15331410,
    15330765,
    15329733,
    15329733,
    15330296,
    15331410,
    15330765,
    15329523,
    15229440,
    15229379,
    15228230,
    15228808,
    15229067,
    15227694,
    15228401,
    15229842,
    15228084,
    15228401,
    15228230,
    15229440,
    15228808,
    15228084,
    15227118,
    15227694,
    15229067,
    15229379,
    15229842,
    15688931,
    15688559,
    15690037,
    15690055,
    15690055,
    15688931,
    15690037,
    15688158,
    15688559,
    15693605,
    15695413,
    15694294,
    15695431,
    15694294,
    15695431,
    15695413,
    15693342,
    15693605,
    15645657,
    15647309,
    15646662,
    15645657,
    15647309,
    15646662,
    15645066,
    15185282,
    15185282,
    15185028,
    15727666,
    15728339,
    15728173,
    15728173,
    15727507,
    15727666,
    15728339,
    15042757,
    15042727,
    15042119,
    15042824,
    15042635,
    15042457,
    15042635,
    15042045,
    15042119,
    15042457,
    15042727,
    15042757,
    15042824,
    15307315,
    15308045,
    15308045,
    15307315,
    14928048,
    14928033,
    14928067,
    14927916,
    14928033,
    14927916,
    14928048,
    14928067,
    14945825,
    14947298,
    14946852,
    14947081,
    14946386,
    14947219,
    14946491,
    14946012,
    14945825,
    14947219,
    14945553,
    14946012,
    14946386,
    14946491,
    14946852,
    14947081,
    14947298,
    14928720,
    14928201,
    14928513,
    14928240,
    14928201,
    14928720,
    14928178,
    14928240,
    14928513,
    14930058,
    14930058,
    14929770,
    15238071,
    15237597,
    15238127,
    15238127,
    15238071,
    15237597,
    15237537,
    14944912,
    14944912,
    14944885,
    15313464,
    15313424,
    15313464,
    15313424,
    15313374,
    16038370,
    16038563,
    16038245,
    16038120,
    16037963,
    16038159,
    16038006,
    16038263,
    16037915,
    16037963,
    16037759,
    16037915,
    16038006,
    16038120,
    16038159,
    16038245,
    16038263,
    16038370,
    16038563,
    15590712,
    15590712,
    15590698,
    15590698,
    15590731,
    15590731,
    15010208,
    15006371,
    14998727,
    15008233,
    15012112,
    15000957,
    11315679,
    15000957,
    14998727,
    15008233,
    15006371,
    11315679,
    14998678,
    15010208,
    15012112,
    15600649,
    15600019,
    15596903,
    15600649,
    15600019,
    15592953,
    15596903,
    15888141,
    15890960,
    15890168,
    15887802,
    15889403,
    15890960,
    15890168,
    15889403,
    15887735,
    15887802,
    15888141,
    15321106,
    15321106,
    15320584,
    15624651,
    15618694,
    15625111,
    15625111,
    15624651,
    15617510,
    15618694,
    15323802,
    15323802,
    15323089,
    15217186,
    15217186,
    15216372,
    15686050,
    15686050,
    15685432,
    16061511,
    16061511,
    16060960,
    15327708,
    15327159,
    15327708,
    15326880,
    15327159,
    15311641,
    15312738,
    15312855,
    15312239,
    15312738,
    15312239,
    15311246,
    15311641,
    15312855,
    16080743,
    16080743,
    16080192,
    15413008,
    15413008,
    15412871,
    15389033,
    15389033,
    15388942,
    15460994,
    15461060,
    15461582,
    15461235,
    15461343,
    15460994,
    15461343,
    15461060,
    15461235,
    15461582,
    15460805,
    15606594,
    15606594,
    15606136,
    15592203,
    15592203,
    15590764,
    16110163,
    16110163,
    16109126,
    15235359,
    15235423,
    15235271,
    15233706,
    15235340,
    15235535,
    15234586,
    15234491,
    15234748,
    15234943,
    15234748,
    15233706,
    15232798,
    15234491,
    15234586,
    15234943,
    15235271,
    15235340,
    15235359,
    15235423,
    15235535,
    15342661,
    15342622,
    15342759,
    15342759,
    15342661,
    15342622,
    15342453,
    15221141,
    15221141,
    15219939,
    15319442,
    15319547,
    15318997,
    15319398,
    15319547,
    15319442,
    15319398,
    15318956,
    15318997,
    15183855,
    15183855,
    15182962,
    15731483,
    15730246,
    15730378,
    15731596,
    15732027,
    15731483,
    15730378,
    15730229,
    15730246,
    15731596,
    15732027,
    14929547,
    14929700,
    14929700,
    14929547,
    15238561,
    15240093,
    15239742,
    15238561,
    15238429,
    15239742,
    15240093,
    14945451,
    14945451,
    14945395,
    14930686,
    14930454,
    14930686,
    14930454,
    14930313,
    15710979,
    15710979,
    15710711,
    15937506,
    15937715,
    15937805,
    15937805,
    15937715,
    15937506,
    15929188,
    15929231,
    15929231,
    15929188,
    15148291,
    15147076,
    15148357,
    15147686,
    15147912,
    15147976,
    15148040,
    15149099,
    15149256,
    15149295,
    15149456,
    15148788,
    15147414,
    15148826,
    15149456,
    15148826,
    15147076,
    15147414,
    15147686,
    15147912,
    15147976,
    15148040,
    15148291,
    15148357,
    15148788,
    15149099,
    15149256,
    15149295,
    15711065,
    15711127,
    15711127,
    15711065,
    15711051,
    15156131,
    15156031,
    15156131,
    15156031,
    15929482,
    15929523,
    15929523,
    15929482,
    15929368,
    15046850,
    15046850,
    15046694,
    14925597,
    14925638,
    14925638,
    14925597,
    14925524,
    15232211,
    15232028,
    15232211,
    15232028,
    15176536,
    15176612,
    15176492,
    15176439,
    15176536,
    15176612,
    15176439,
    15176389,
    15176492,
    15156440,
    15156440,
    15048517,
    15048395,
    15047670,
    15048343,
    15047899,
    15047487,
    15047899,
    15047487,
    15048517,
    15047670,
    15047046,
    15048343,
    15048395,
    14955430,
    14955751,
    14955723,
    14955569,
    14955253,
    14955765,
    14954870,
    14955903,
    14955903,
    14955765,
    14954708,
    14954870,
    14955253,
    14955430,
    14955569,
    14955723,
    14955751,
    15929304,
    15929285,
    15929285,
    15929304,
    15929258,
    15831576,
    15831576,
    15831203,
    15544633,
    15544723,
    15544633,
    15544723,
    15543598,
    11312348,
    11312348,
    11312137,
    15465268,
    15465236,
    15465268,
    15465236,
    15465189,
    15378142,
    15378142,
    15911071,
    15910879,
    15909191,
    15909191,
    15908942,
    15910879,
    15911071,
    15905164,
    15905164,
    15905036,
    15907116,
    15907116,
    15906988,
    15904420,
    15904126,
    15904126,
    15903890,
    15904420,
    15378094,
    15378094,
    15325013,
    15325013,
    15324958,
    15324279,
    15324279,
    15324174,
    15698280,
    15698280,
    15698125,
    15701384,
    15701384,
    15701229,
    15700183,
    15700183,
    15700025,
    15697272,
    15697272,
    15697117,
    15711418,
    15711418,
    15711183,
    15232452,
    15232452,
    15232437,
    11339990,
    11339990,
    15218034,
    14907815,
    11304069,
    14907942,
    14908071,
    14908071,
    11304069,
    14907063,
    14907815,
    14907942,
    15222341,
    15222382,
    15222192,
    15222064,
    15222128,
    15222417,
    15221556,
    15221845,
    15222455,
    15221912,
    15221629,
    15222192,
    15221503,
    15221556,
    15221629,
    15221845,
    15221912,
    15222064,
    15222128,
    15222341,
    15222382,
    15222417,
    15222455,
    15170948,
    15171461,
    15171851,
    15171984,
    15172126,
    15170975,
    15171876,
    15172014,
    15171001,
    15171519,
    15170627,
    15171144,
    15172040,
    15170386,
    15171672,
    15171806,
    15171170,
    15171695,
    15170801,
    15171571,
    15170948,
    15171806,
    15171876,
    15171851,
    15171695,
    15170627,
    15170386,
    15170801,
    15170975,
    15171001,
    15171144,
    15171170,
    15171461,
    15171519,
    15171571,
    15171672,
    15171984,
    15172014,
    15172040,
    15172126,
    15154948,
    15154190,
    15155215,
    15154708,
    15154837,
    15155741,
    15155111,
    15154477,
    15155376,
    15155768,
    15155258,
    15154624,
    15155911,
    15154892,
    15155792,
    15155283,
    15155540,
    15155027,
    15154915,
    15155563,
    15155056,
    15155824,
    15155186,
    15154686,
    15155711,
    15155911,
    15155540,
    15155283,
    15154948,
    15154892,
    15155258,
    15155792,
    15154915,
    15154624,
    15154477,
    15154190,
    15154686,
    15154708,
    15154837,
    15155027,
    15155056,
    15155111,
    15155186,
    15155215,
    15155376,
    15155563,
    15155711,
    15155741,
    15155768,
    15155824,
    15240385,
    15240410,
    15240511,
    15240410,
    15240511,
    15240273,
    15240385,
    14933409,
    14933559,
    14933559,
    14933176,
    14933409,
    11368480,
    11367689,
    11368112,
    11368480,
    11367306,
    11367689,
    11368112,
    15307139,
    15306895,
    15307087,
    15306994,
    15307058,
    15307087,
    15306516,
    15306895,
    15306994,
    15307058,
    15307139,
    15930025,
    15929683,
    15929651,
    15930217,
    15930025,
    15929651,
    15929683,
    15930217,
    15929637,
    15034660,
    15034631,
    15034660,
    15034538,
    15034631,
    15224328,
    15224619,
    15224268,
    15224709,
    15224709,
    15224619,
    15224328,
    15224268,
    15224227,
    15151652,
    15151590,
    15153193,
    15151564,
    15152429,
    15153425,
    15153300,
    15153367,
    15151707,
    15153193,
    15152429,
    15151590,
    15151510,
    15151564,
    15151652,
    15151707,
    15153300,
    15153367,
    15153425,
    15150410,
    15149784,
    15151065,
    15149946,
    15151164,
    15151198,
    15151065,
    15150410,
    15149722,
    15149784,
    15149946,
    15151164,
    15151198,
    15053506,
    15053210,
    15053849,
    15054718,
    15054718,
    15053210,
    15052715,
    15053506,
    15053849,
    15177666,
    15177700,
    15177416,
    15177005,
    15176814,
    15176880,
    15176850,
    15177138,
    15177685,
    15177210,
    15177502,
    15177005,
    15177210,
    15177685,
    15176880,
    15176692,
    15176814,
    15176850,
    15177138,
    15177416,
    15177502,
    15177666,
    15177700,
    16005153,
    16004834,
    16005063,
    16004908,
    16004590,
    16004757,
    16004664,
    16005020,
    16004908,
    16004664,
    16004495,
    16004590,
    16004757,
    16004834,
    16005020,
    16005063,
    16005153,
    15827247,
    15826609,
    15828082,
    15826491,
    15827229,
    15826609,
    15827247,
    15826450,
    15826491,
    15827229,
    15828082,
    15156286,
    15156286,
    15156211,
    15936346,
    15936346,
    15935933,
    15048895,
    15048895,
    15048821,
    14929011,
    14929061,
    14929061,
    14929011,
    14928856,
    15175447,
    15175281,
    15174995,
    15174742,
    15174935,
    15174070,
    15175030,
    15175447,
    15175030,
    15174742,
    15174034,
    15174070,
    15174935,
    15174995,
    15175281,
    15163800,
    15163688,
    15163599,
    15163800,
    15163688,
    15163599,
    15163494,
    15758504,
    15759517,
    15759517,
    15758504,
    15758412,
    15817515,
    15817515,
    15816944,
    15163936,
    15164110,
    15164152,
    15164216,
    15164062,
    15164216,
    15164152,
    15164110,
    15163936,
    15163852,
    15164062,
    15744289,
    15743237,
    15744709,
    15743313,
    15744657,
    15743770,
    15744709,
    15743237,
    15743152,
    15743313,
    15743770,
    15744289,
    15744657,
    15742414,
    15742414,
    15741957,
    16005808,
    16005785,
    16005724,
    16005808,
    16005785,
    16005724,
    14958088,
    14958088,
    14957186,
    14960652,
    14960652,
    14959693,
    14959352,
    14959352,
    14958450,
    15173650,
    15173446,
    15173650,
    15173446,
    15173938,
    15173734,
    15173938,
    15173734,
    14956856,
    14956856,
    14956018,
    11315106,
    11315060,
    11315106,
    11315060,
    11314498,
    15352086,
    15352086,
    15352000,
    15223545,
    15222806,
    15223545,
    15222806,
    15222620,
    15221396,
    15221396,
    15221363,
    15039041,
    15039371,
    15038928,
    15039093,
    15038719,
    15038928,
    15039041,
    15038719,
    15039093,
    15039371,
    15173281,
    15173330,
    15173300,
    15172439,
    15173281,
    15172256,
    15172439,
    15173300,
    15173330,
    15200545,
    15200188,
    15201236,
    15199157,
    15200668,
    15199610,
    15200764,
    15201085,
    15199610,
    15201236,
    15201085,
    15200764,
    15200668,
    15200545,
    15200188,
    15199157,
    15198782,
    15038593,
    15038116,
    15038276,
    15038245,
    15038647,
    15038558,
    15038593,
    15038558,
    15038245,
    15038276,
    15038116,
    15038647,
    15638816,
    15638786,
    15638863,
    15639218,
    15638878,
    15639218,
    15638786,
    15638816,
    15638744,
    15638863,
    15638878,
    15205252,
    15203974,
    15203721,
    15202954,
    15204257,
    15203873,
    15205030,
    15202089,
    15204152,
    15204667,
    15202883,
    15204811,
    15203276,
    15203038,
    15204063,
    15204959,
    15203171,
    15205101,
    15203567,
    15203442,
    15203276,
    15203171,
    15203038,
    15202954,
    15202883,
    15202089,
    15205252,
    15205101,
    15205030,
    15204959,
    15204811,
    15204667,
    15204257,
    15204152,
    15204063,
    15203974,
    15203873,
    15203721,
    15203567,
    15203442,
    15201655,
    15920448,
    15919617,
    15917290,
    15918892,
    15916557,
    15917580,
    15917390,
    15919935,
    15918486,
    15917339,
    15917245,
    15916446,
    15918079,
    15916446,
    15918079,
    15916557,
    15918486,
    15918892,
    15917339,
    15917580,
    15917245,
    15919617,
    15914478,
    15917290,
    15917390,
    15919935,
    15920448,
    15033288,
    15032846,
    15033288,
    15032846,
    15032821,
    15039552,
    15039425,
    15039611,
    15039876,
    15039611,
    15039552,
    15039425,
    15039876,
    14922944,
    14924142,
    14924207,
    14919248,
    14916913,
    14919733,
    14924182,
    14919248,
    14916913,
    14924142,
    14915914,
    14919733,
    14922944,
    14924182,
    14924207,
    11369784,
    11370264,
    11370536,
    11370115,
    11369784,
    11370264,
    11370115,
    11370536,
    15682607,
    15936786,
    15937259,
    15937127,
    15937127,
    15936786,
    15936617,
    15937259,
    15037640,
    15037410,
    15037410,
    15037154,
    15037640,
    15225134,
    15225134,
    15224933,
    11335073,
    11335171,
    11334803,
    11334911,
    11335171,
    11335073,
    11334911,
    11334803,
    15188855,
    15194206,
    15195609,
    15195205,
    15195910,
    15195910,
    15194206,
    15195609,
    15195205,
    15194040,
    11333896,
    11333985,
    11333792,
    11334046,
    11334046,
    11333985,
    11333896,
    11333792,
    15187015,
    11334339,
    11334501,
    11334231,
    11334599,
    11334599,
    11334501,
    11334339,
    11334231,
    15187959,
    15041447,
    15041789,
    15041607,
    15041647,
    15041647,
    15041607,
    15041447,
    15041789,
    16005528,
    16005579,
    16005652,
    16005271,
    16005528,
    16005215,
    16005271,
    16005579,
    16005652,
    15759859,
    15760302,
    15759859,
    15760302,
    15759763,
    15342992,
    15342884,
    15343439,
    15343439,
    15342992,
    15342884,
    14941384,
    14941450,
    14941423,
    14941423,
    14941108,
    14941384,
    14941450,
    15198321,
    15197633,
    15197937,
    15196711,
    15198321,
    15197937,
    15197633,
    15196711,
    15196423,
    15028512,
    15029017,
    15028776,
    15028093,
    15028512,
    15028776,
    15029017,
    15028093,
    14939329,
    14939329,
    14939254,
    14914777,
    14914777,
    14914520,
    15179650,
    15179650,
    15179464,
    15638528,
    15638528,
    15886339,
    15886644,
    15886702,
    15886702,
    15886339,
    15885276,
    15886644,
    15333408,
    15333447,
    15333447,
    15333408,
    15333238,
    15751712,
    15752617,
    15752849,
    15751767,
    15752412,
    15752617,
    15751712,
    15751442,
    15751767,
    15752412,
    15752849,
    15761713,
    15761713,
    15760689,
    15043512,
    15043512,
    16058170,
    16058170,
    16058088,
    15749952,
    15749952,
    15749922,
    15913517,
    15914006,
    15913679,
    15913679,
    15914006,
    15913517,
    15913472,
    15931780,
    15931625,
    15931733,
    15931990,
    15932056,
    15931733,
    15931405,
    15931625,
    15931780,
    15931990,
    15932056,
    15746006,
    15746006,
    15745558,
    15804635,
    15804436,
    15804635,
    15804436,
    14935104,
    14935077,
    14935014,
    14935142,
    14935050,
    14934989,
    14935119,
    14935089,
    14935026,
    14935065,
    14935038,
    14935065,
    14934989,
    14935014,
    14935026,
    14935038,
    14935050,
    14935077,
    14935089,
    14935104,
    14935119,
    14935142,
    15034764,
    15034717,
    15034717,
    15034764,
    15034705,
    14726629,
    14725833,
    14725609,
    14726159,
    14726009,
    14726629,
    14726009,
    14725833,
    14725609,
    14725520,
    14726159,
    14709772,
    14708655,
    14708655,
    14707509,
    14709772,
    14732170,
    14731291,
    14731291,
    14728643,
    14732170,
    15930843,
    15931174,
    15931174,
    15930843,
    15930829,
    14899714,
    14899714,
    14899496,
    14943321,
    14943321,
    14942796,
    14942283,
    14942283,
    14941823,
    15030032,
    15029731,
    15030032,
    15029731,
    15029729,
    14940812,
    14940678,
    14940812,
    14940501,
    14940678,
    14940404,
    14940404,
    14940313,
    14947673,
    14947645,
    14947673,
    14947645,
    15293226,
    15293181,
    15293226,
    15292871,
    15293181,
    15912937,
    15912636,
    15912937,
    15912636,
    15912627,
    15335712,
    15334594,
    15333771,
    15334892,
    15335500,
    15335277,
    15334735,
    15334101,
    15333915,
    15334268,
    15335277,
    15335500,
    15334892,
    15334735,
    15334594,
    15335712,
    15334101,
    15333915,
    15334268,
    15333771,
    15333586,
    15755851,
    15755149,
    15755941,
    15755173,
    15755851,
    15754988,
    15755149,
    15755173,
    15755941,
    15191945,
    15191945,
    15189764,
    15337128,
    15338668,
    15338220,
    15337744,
    15337241,
    15337744,
    15337128,
    15337241,
    15338220,
    15338668,
    15803708,
    15803647,
    15803708,
    15803647,
    15803375,
    15043703,
    15043703,
    15043683,
    16059401,
    16059401,
    16060535,
    16060535,
    16060499,
    11388714,
    11388179,
    11388714,
    11387961,
    11388179,
    15754291,
    15754291,
    15754050,
    15746365,
    15746365,
    15746314,
    15746525,
    15746639,
    15746639,
    15746525,
    15746414,
    15825107,
    15825107,
    14943889,
    14943437,
    14943437,
    14943429,
    14943889,
    15293842,
    15293842,
    15293710,
    15293613,
    15293613,
    15293592,
    15336130,
    15336130,
    15335835,
    15044923,
    15045093,
    15045075,
    15045093,
    15044923,
    15044886,
    15045075,
    15231493,
    15231493,
    15230234,
    15305511,
    15305511,
    15305375,
    15157866,
    15157866,
    15157474,
    15044250,
    15044269,
    15044269,
    15044205,
    15044250,
    15045551,
    15045551,
    15045227,
    15043984,
    15043984,
    15043947,
    16059756,
    16059756,
    16059744,
    15881501,
    15881501,
    15881410,
    15747642,
    15747469,
    15747726,
    15747623,
    15747623,
    15747726,
    15747418,
    15747469,
    15747642,
    15747347,
    15747347,
    15746689,
    15749400,
    15749363,
    15748476,
    15749317,
    15749363,
    15749317,
    15748402,
    15748476,
    15749400,
    14938305,
    14938278,
    14938215,
    14938349,
    14938415,
    14937840,
    14938327,
    14938459,
    14938459,
    14937796,
    14937840,
    14938215,
    14938278,
    14938305,
    14938327,
    14938349,
    14938415,
    14993481,
    14993481,
    15656918,
    15656750,
    15656750,
    15655353,
    15656918,
    15043112,
    15043086,
    15043112,
    15043086,
    15043078,
    15942000,
    15942077,
    15942000,
    15942077,
    15941804,
    15792085,
    15792085,
    15791142,
    14895948,
    14895948,
    14895434,
    15231831,
    15231831,
    15163120,
    15163347,
    15163347,
    15163120,
    15163009,
    15043201,
    15043229,
    15043229,
    15043201,
    15043196,
    15938402,
    15938268,
    15938402,
    15938268,
    15046212,
    15046181,
    15046212,
    15046181,
    16004265,
    16004055,
    16004265,
    16004055,
    15928243,
    15928243,
    15927848,
    15803224,
    15803224,
    15802054,
    14935800,
    14936074,
    14936074,
    14935800,
    14935394,
    15920778,
    15920778,
    15920756,
    15941012,
    15941012,
    15702681,
    15702681,
    15702424,
    15789360,
    15789360,
    15043137,
    15043165,
    15043165,
    15043137,
    15043132,
    15938893,
    15938893,
    15161698,
    15161698,
    15161417,
    15679330,
    15679330,
    15679186,
    15049318,
    15049318,
    15049223,
    15940214,
    15940214,
    15043025,
    15043053,
    15043053,
    15043025,
    15043020,
    15800376,
    15800376,
    15799206,
    15035305,
    15035707,
    15035401,
    15035567,
    15035707,
    15035305,
    15035401,
    15035567,
    15753191,
    15753191,
    15752991,
    15749731,
    15749731,
    15749651,
    14894848,
    14894848,
    14894632,
    15659506,
    15659183,
    15659183,
    15659506,
    15659131,
    15674376,
    15674376,
    15674159,
    15049875,
    15049875,
    15049850,
    15669526,
    15669526,
    15669233,
    15357989,
    15357989,
    15357124,
    15356841,
    15356871,
    15356841,
    15356499,
    15356871,
    15024063,
    15024063,
    15023932,
    14933072,
    14933102,
    14933072,
    14933102,
    14933038,
    15666900,
    15666900,
    15666467,
    15355100,
    15355100,
    15354847,
    15677051,
    15677148,
    15677303,
    15677303,
    15677148,
    15677051,
    15676999,
    15176038,
    15176038,
    15176010,
    15664747,
    15664747,
    15163447,
    15163447,
    15939929,
    15939929,
    15939356,
    15939270,
    15939270,
    16004403,
    16004403,
    16004341,
    15913367,
    15913367,
    15913252,
    15032216,
    15032428,
    15032428,
    15032216,
    15043248,
    15043248,
    15798940,
    15798940,
    15797517,
    15797292,
    15797292,
    15795846,
    15795013,
    15795013,
    15794450,
    15794102,
    15794102,
    15793153,
    15162940,
    15162940,
    15162465,
    15676848,
    15676848,
    15676313,
    15674790,
    15674790,
    15674773,
    14898025,
    14898025,
    14897537,
    15355267,
    15355267,
    15355242,
    15035176,
    15035009,
    15035176,
    15035009,
    15034821,
    15164424,
    15164618,
    15164618,
    15164424,
    15164316,
    15040259,
    15040259,
    15040183
]