134581891
134552963
134545926
134545800
134548105
134545928
134555921
134555026
134546963
134577812
134545941
134555030
134553367
134554777
134554780
134524574
134545823
134548131
134545827
134546983
134565290
134546994
134538678
134545847
134553144
134553149
134546373
134547014
134556102
134553162
134553037
134540878
134553423
134551124
134551126
134569814
134553051
134555611
134553179
134581855
134553183
134545888
134545891
134554468
134553317
134553321
134545897
134548207
134553456
134547057
134569977
134545916
134553085
