4239233
4239363
4231685
4232839
4239495
4230919
4265096
4219518
4239628
4223500
4231689
4239247
4257554
4234133
4239766
4239388
4252956
4232862
4269598
4263327
4207650
4234276
4214693
4239143
4236968
4236970
4203437
4239661
4208560
4225970
4263349
4239287
4231736
4228921
4242170
4234172
4231740
4241535
4231748
4232134
4240838
4257350
4242765
4241232
4232916
4230870
4218999
4230491
4223966
4223455
4232800
4239713
4247785
4231658
4239339
4252907
4239725
4231787
4241263
4231664
4223601
4239346
4242547
4269555
4241267
4223988
4239351
4232826
4231804
4219005
4239358
4223487
