[
    19654144,
    19655107,
    19655270,
    19656710,
    19656966,
    19657358,
    19653072,
    19653844,
    19655288,
    19656217,
    19653883,
    19657052,
    19655167,
    19653162,
    19653844,
    19653883,
    19654144,
    19655107,
    19655167,
    19655270,
    19655288,
    19656217,
    19656710,
    19656966,
    19657052,
    19657358,
    19657448,
    19657448,
    19657434,
    19657434,
    19657467,
    19657467,
    19932408,
    19932408,
    19932034,
    18706660,
    18702282,
    18706509,
    18701500,
    18698108,
    18694430,
    18702282,
    18701500,
    18692301,
    18694430,
    18698108,
    18706509,
    18706660,
    18677314,
    18677474,
    18677260,
    18677524,
    18677497,
    18677497,
    18677314,
    18677260,
    18677191,
    18677474,
    18677524,
    19601543,
    19597898,
    19595436,
    19603852,
    19595407,
    19596463,
    19596720,
    19601647,
    19601775,
    19596344,
    19601543,
    19596463,
    19595150,
    19595407,
    19595436,
    19596344,
    19596720,
    19597898,
    19601647,
    19601775,
    19603852,
    14091881,
    14091881,
    14091540,
    19574796,
    19574796,
    19574118,
    19297191,
    19290542,
    19296664,
    19293529,
    19294395,
    19293726,
    19292127,
    19290542,
    19289639,
    19292127,
    19293529,
    19293726,
    19294395,
    19296664,
    19297191,
    19317057,
    19319081,
    19315444,
    19320692,
    19316503,
    19321530,
    19318141,
    19315444,
    19313685,
    19316503,
    19317057,
    19318141,
    19319081,
    19320692,
    19321530,
    19393090,
    19400916,
    19401558,
    19400916,
    19392952,
    19393090,
    19401558,
    19239753,
    19237491,
    19241877,
    19242231,
    19238044,
    19237491,
    19237280,
    19238044,
    19239753,
    19241877,
    19242231,
    19274931,
    19274220,
    19276175,
    19274220,
    19273961,
    19274931,
    19276175,
    19589001,
    19589011,
    19589011,
    19589001,
    19587932,
    18711680,
    18711529,
    18712363,
    18711564,
    18711680,
    18711529,
    18711564,
    18712363,
    18540026,
    18539651,
    18539398,
    18539651,
    18539398,
    18539123,
    18540026,
    19028936,
    19028854,
    19028976,
    19028936,
    19028854,
    19028976,
    19191909,
    19191974,
    19191849,
    19191947,
    19191731,
    19191678,
    19191999,
    19191849,
    19191637,
    19191678,
    19191731,
    19191909,
    19191947,
    19191974,
    19191999,
    19182104,
    19181851,
    19181717,
    19182104,
    19181717,
    19181537,
    19181851,
    19631834,
    19631755,
    19632124,
    19631238,
    19631834,
    19629994,
    19631238,
    19631755,
    19632124,
    20019810,
    20018439,
    20020424,
    20019870,
    20018765,
    20018893,
    20021006,
    20018481,
    20019026,
    20018746,
    20018554,
    20018686,
    20018481,
    20018296,
    20018439,
    20018554,
    20018686,
    20018746,
    20018765,
    20018893,
    20019026,
    20019810,
    20019870,
    20020424,
    20021006,
    14095072,
    14095022,
    14095072,
    14095022,
    14094238,
    18612776,
    18612776,
    18612445,
    19348808,
    19348714,
    19348808,
    19348683,
    19348714,
    19373025,
    19372968,
    19373163,
    19373195,
    19372912,
    19372791,
    19372121,
    19372968,
    19373163,
    19373195,
    19371953,
    19372121,
    19372791,
    19372912,
    19373025,
    19350305,
    19349507,
    19351304,
    19350729,
    19350189,
    19349998,
    19350099,
    19350644,
    19351125,
    19350133,
    19351895,
    19351990,
    19353107,
    19351646,
    19350189,
    19351125,
    19349044,
    19349507,
    19349998,
    19350099,
    19350133,
    19350305,
    19350644,
    19350729,
    19351304,
    19351646,
    19351895,
    19351990,
    19353107,
    19442854,
    19443145,
    19442957,
    19443853,
    19443535,
    19443216,
    19443122,
    19443190,
    19443992,
    19443323,
    19443216,
    19443122,
    19443145,
    19443190,
    19442844,
    19442854,
    19442957,
    19443323,
    19443535,
    19443853,
    19443992,
    19448608,
    19448033,
    19450949,
    19447910,
    19449062,
    19448234,
    19449739,
    19448528,
    19447730,
    19448499,
    19448472,
    19448472,
    19448499,
    19447390,
    19447730,
    19447910,
    19448033,
    19448234,
    19448528,
    19448608,
    19449062,
    19449739,
    19450949,
    18611192,
    18611192,
    18610861,
    18541376,
    18540680,
    18540626,
    18542099,
    18542167,
    18542167,
    18540626,
    18540602,
    18540680,
    18541376,
    18542099,
    19246178,
    19247010,
    19246341,
    19246598,
    19246279,
    19246951,
    19248041,
    19247947,
    19246644,
    19248215,
    19244857,
    19248063,
    19248041,
    19246279,
    19244841,
    19244857,
    19246178,
    19246341,
    19246598,
    19246644,
    19246951,
    19247010,
    19247947,
    19248063,
    19248215,
    19018978,
    19021420,
    19021902,
    19022191,
    19020561,
    19020466,
    19021975,
    19021401,
    19020730,
    19021531,
    19020730,
    19018449,
    19018978,
    19020466,
    19020561,
    19021401,
    19021420,
    19021531,
    19021902,
    19021975,
    19022191,
    18638086,
    18638407,
    18638379,
    18638225,
    18637909,
    18637526,
    18638421,
    18638559,
    18638407,
    18637364,
    18637526,
    18637909,
    18638086,
    18638225,
    18638379,
    18638421,
    18638559,
    19095870,
    19095919,
    19095870,
    19095919,
    19095857,
    18540464,
    18540449,
    18540483,
    18540332,
    18540449,
    18540332,
    18540464,
    18540483,
    19025511,
    19024989,
    19025567,
    19025567,
    19025511,
    19024989,
    19024929,
    18571241,
    18571241,
    18571217,
    18544970,
    18544970,
    18544682,
    18573379,
    18573092,
    18573289,
    18572747,
    18572595,
    18572180,
    18571993,
    18571993,
    18573092,
    18573289,
    18571500,
    18572180,
    18572595,
    18572747,
    18573379,
    19176652,
    19176652,
    19176396,
    19185186,
    19190018,
    19185669,
    19184870,
    19186233,
    19187215,
    19187984,
    19186866,
    19186386,
    19185431,
    19183417,
    19185338,
    19187391,
    19185186,
    19186866,
    19183019,
    19183417,
    19184870,
    19185338,
    19185431,
    19185669,
    19186233,
    19186386,
    19187215,
    19187391,
    19187984,
    19190018,
    19182892,
    19182852,
    19182892,
    19182798,
    19182852,
    18790533,
    18790503,
    18789895,
    18790600,
    18790411,
    18790233,
    18790411,
    18789821,
    18789895,
    18790233,
    18790503,
    18790533,
    18790600,
    18518618,
    18518618,
    18518487,
    14095311,
    14095311,
    19247564,
    19244931,
    19245979,
    19244931,
    19245979,
    14139194,
    19247564,
    19889196,
    19888997,
    19889478,
    19888997,
    19888575,
    19889196,
    19889478,
    18169512,
    18169501,
    18169512,
    18169079,
    18169501,
    18332931,
    18334248,
    18333584,
    18333460,
    18333114,
    18333584,
    18333114,
    18332872,
    18332931,
    18333460,
    18334248,
    19205633,
    19206409,
    19206922,
    19207695,
    19205522,
    19208467,
    19206813,
    19207600,
    19206324,
    19208505,
    19206595,
    19207374,
    19208657,
    19207772,
    19206621,
    19208929,
    19205987,
    19206371,
    19206128,
    19208439,
    19207033,
    19208657,
    19205522,
    19205633,
    19205987,
    19206128,
    19206324,
    19206371,
    19206409,
    19206595,
    19206621,
    19206813,
    19206922,
    19207033,
    19207374,
    19207600,
    19207695,
    19207772,
    19208439,
    19208467,
    19208505,
    19208929,
    19204754,
    19204795,
    19204604,
    19204754,
    19204795,
    19204594,
    19204604,
    20173424,
    20173470,
    20173424,
    20173009,
    20173470,
    18618506,
    18618506,
    18618128,
    18609606,
    18609606,
    18609277,
    19026297,
    19028062,
    19027671,
    19026297,
    19026162,
    19027671,
    19028062,
    19249474,
    19248648,
    19249108,
    19248949,
    19249532,
    19248949,
    19249474,
    19248648,
    19249108,
    19249532,
    18954946,
    18954742,
    18954946,
    18954742,
    18641634,
    18641634,
    18640493,
    18955234,
    18955030,
    18955234,
    18955030,
    18639720,
    18639720,
    18638637,
    18643608,
    18643608,
    18642445,
    18645404,
    18645404,
    18644445,
    18544459,
    18544620,
    18544620,
    18544459,
    18624902,
    18625034,
    18626252,
    18626736,
    18626142,
    18625034,
    18624885,
    18624902,
    18626142,
    18626252,
    18626736,
    19111818,
    19111818,
    19111438,
    18537229,
    18537125,
    18537229,
    18537125,
    18537047,
    20013668,
    20013711,
    20013711,
    20013668,
    18936727,
    18936727,
    18936694,
    20172158,
    20172771,
    20172423,
    20171913,
    20172397,
    20172272,
    20172538,
    20172791,
    20171927,
    20172694,
    20171770,
    20172315,
    20172119,
    20172771,
    20171927,
    20171770,
    20172791,
    20172423,
    20171679,
    20171913,
    20172119,
    20172158,
    20172272,
    20172315,
    20172397,
    20172538,
    20172694,
    18936345,
    18936271,
    18936345,
    18936271,
    20013938,
    20013979,
    20013979,
    20013938,
    20013848,
    18959576,
    18959665,
    18959554,
    18959464,
    18959665,
    18959576,
    18959464,
    18959434,
    18959554,
    18590643,
    18590643,
    18590222,
    18935942,
    18934412,
    18936204,
    18935567,
    18934933,
    18934553,
    18935707,
    18935453,
    18934816,
    18936096,
    18935978,
    18934700,
    18934963,
    18935603,
    18935475,
    18935736,
    18935866,
    18934222,
    18935632,
    18934615,
    18935895,
    18936154,
    18935516,
    18935260,
    18935010,
    18935535,
    18935279,
    18935791,
    18935032,
    18935423,
    18934963,
    18934816,
    18936154,
    18935260,
    18935942,
    18935603,
    18935535,
    18935978,
    18935632,
    18935516,
    18934222,
    18934412,
    18934553,
    18934615,
    18934700,
    18934933,
    18935010,
    18935032,
    18935279,
    18935423,
    18935453,
    18935475,
    18935567,
    18935707,
    18935736,
    18935791,
    18935866,
    18935895,
    18936096,
    18936204,
    19017651,
    19017452,
    19017651,
    19017452,
    18590705,
    18590719,
    18590775,
    18590775,
    18590719,
    18590705,
    18958008,
    18957964,
    18958084,
    18957911,
    18958008,
    18958084,
    18957911,
    18957861,
    18957964,
    18806980,
    18806790,
    18807719,
    18807835,
    18807861,
    18807227,
    18807227,
    18807861,
    18806790,
    18806301,
    18806980,
    18807719,
    18807835,
    19151179,
    19151126,
    19151179,
    19151126,
    19150417,
    18790818,
    18791027,
    18791117,
    18791117,
    18791027,
    18790818,
    18806098,
    18806098,
    18805942,
    18952835,
    18952581,
    18953095,
    18953366,
    18952987,
    18952741,
    18952878,
    18952242,
    18952511,
    18952776,
    18953171,
    18953307,
    18953438,
    18952935,
    18952809,
    18952689,
    18953203,
    18953076,
    18953339,
    18952809,
    18952776,
    18953171,
    18953095,
    18953203,
    18952835,
    18952511,
    18952242,
    18952581,
    18952689,
    18952741,
    18952878,
    18952935,
    18952987,
    18953076,
    18953307,
    18953339,
    18953366,
    18953438,
    19150145,
    19149578,
    19150222,
    19149679,
    19149679,
    19150222,
    19149578,
    19150145,
    19149430,
    18614392,
    18614899,
    18614782,
    18614351,
    18614899,
    18614050,
    18614351,
    18614392,
    18614782,
    18929856,
    18931072,
    18933345,
    18933927,
    18930890,
    18932078,
    18929102,
    18933871,
    18933491,
    18931220,
    18934132,
    18929980,
    18932566,
    18930840,
    18931514,
    18934043,
    18929308,
    18931999,
    18933491,
    18930890,
    18934043,
    18932078,
    18933927,
    18929308,
    18928959,
    18929102,
    18929856,
    18929980,
    18930840,
    18931072,
    18931220,
    18931514,
    18931999,
    18932566,
    18933345,
    18933871,
    18934132,
    18571406,
    18571406,
    18571347,
    18545366,
    18545574,
    18545574,
    18545366,
    18545225,
    19179506,
    19179987,
    19178726,
    19179987,
    19179506,
    19178156,
    19178726,
    19191030,
    19191076,
    19190597,
    19191182,
    19191182,
    19191076,
    19191030,
    19190556,
    19190597,
    20013784,
    20013765,
    20013765,
    20013784,
    20013738,
    18582924,
    18581324,
    18582924,
    18581324,
    18580866,
    18217827,
    14027013,
    18218183,
    18218323,
    18217784,
    18217827,
    14027013,
    18217743,
    18217784,
    18218183,
    18218323,
    18195936,
    18194772,
    18194916,
    18194294,
    18194772,
    18193844,
    18194294,
    18194916,
    18195936,
    18348705,
    18348853,
    18348629,
    18348646,
    18348646,
    18348538,
    18348629,
    18348705,
    18348853,
    18561025,
    18560932,
    18560998,
    18560974,
    18561010,
    18560947,
    18560920,
    18561048,
    18560986,
    18560893,
    18560959,
    18560947,
    18560893,
    18560920,
    18560932,
    18560959,
    18560974,
    18560986,
    18560998,
    18561010,
    18561025,
    18561048,
    19011944,
    19012569,
    19012688,
    19012569,
    19011934,
    19011944,
    19012688,
    18168378,
    18168693,
    18168378,
    18168279,
    18168693,
    19799579,
    19798659,
    19799579,
    19798342,
    19798659,
    19131952,
    19133647,
    19132611,
    19132359,
    19131952,
    19131581,
    19132359,
    19132611,
    19133647,
    19993261,
    19993847,
    19993437,
    19994055,
    19994055,
    19993437,
    19992973,
    19993261,
    19993847,
    19028641,
    19028666,
    19028767,
    19028666,
    19028767,
    19028529,
    19028641,
    19180705,
    19180378,
    19180666,
    19180518,
    19180518,
    19180378,
    19180274,
    19180666,
    19180705,
    19165028,
    19164657,
    19164884,
    19164766,
    19164657,
    19164884,
    19164569,
    19164766,
    19165028,
    18493739,
    18493739,
    18493607,
    18441928,
    18441883,
    18442335,
    18441928,
    18441828,
    18441883,
    18442335,
    18454410,
    18454099,
    18455926,
    18454410,
    18454030,
    18454099,
    18455926,
    18394605,
    18394339,
    18394293,
    18394339,
    18394245,
    18394293,
    18394605,
    18775392,
    18775897,
    18775656,
    18774973,
    18775897,
    18775392,
    18775656,
    18774973,
    18956577,
    18956291,
    18955366,
    18956743,
    18956326,
    18956231,
    18956038,
    18956231,
    18956577,
    18956326,
    18956743,
    18955330,
    18955366,
    18956038,
    18956291,
    19006917,
    19007112,
    19006984,
    19007048,
    19006701,
    19007503,
    19007542,
    19007416,
    19007577,
    19007455,
    19007261,
    19007615,
    19006917,
    19007112,
    19007615,
    19006575,
    19006701,
    19006984,
    19007048,
    19007261,
    19007416,
    19007455,
    19007503,
    19007542,
    19007577,
    18565585,
    18565585,
    18565510,
    18951242,
    18951469,
    18951697,
    18951794,
    18951155,
    18951517,
    18951469,
    18951155,
    18951046,
    18951242,
    18951517,
    18951697,
    18951794,
    18590150,
    18590150,
    18589701,
    18542799,
    18543231,
    18543231,
    18542799,
    18542633,
    20014720,
    20014529,
    20014147,
    20014115,
    20014529,
    20014115,
    20014147,
    20014720,
    20014101,
    18926404,
    18926342,
    18927945,
    18926316,
    18927181,
    18928177,
    18928052,
    18928119,
    18926459,
    18927181,
    18926342,
    18926262,
    18926316,
    18926404,
    18926459,
    18927945,
    18928052,
    18928119,
    18928177,
    18944392,
    18944280,
    18944191,
    18944392,
    18944280,
    18944086,
    18944191,
    18944784,
    18944528,
    18944692,
    18944655,
    18944784,
    18944692,
    18944444,
    18944528,
    18944655,
    19838435,
    19839391,
    19839391,
    19838435,
    19838215,
    19930663,
    19930037,
    19930649,
    19931451,
    19929918,
    19930663,
    19930037,
    19929885,
    19929918,
    19930649,
    19931451,
    18958497,
    18958273,
    18958753,
    18959142,
    18959337,
    18958859,
    18959310,
    18958641,
    18958706,
    18958230,
    18958999,
    18958297,
    18958430,
    18958641,
    18958297,
    18958999,
    18958859,
    18958497,
    18958230,
    18958706,
    18958163,
    18958273,
    18958430,
    18958753,
    18959142,
    18959310,
    18959337,
    19897803,
    19897803,
    19897100,
    19819617,
    19820961,
    19820074,
    19820593,
    19819541,
    19821013,
    19821013,
    19819456,
    19819541,
    19819617,
    19820074,
    19820593,
    19820961,
    19813990,
    19813990,
    19813422,
    18925162,
    18924536,
    18925817,
    18924698,
    18925916,
    18925950,
    18925162,
    18924474,
    18924536,
    18924698,
    18925817,
    18925916,
    18925950,
    19014142,
    19013641,
    19015438,
    19014640,
    19014897,
    19014966,
    19015194,
    19014430,
    19015438,
    19015194,
    19014966,
    19014430,
    19014897,
    19013641,
    19012900,
    19014142,
    19014640,
    20138720,
    20138501,
    20138828,
    20138672,
    20138452,
    20138582,
    20138871,
    20138940,
    20138333,
    20138720,
    20138672,
    20138452,
    20138239,
    20138333,
    20138501,
    20138582,
    20138828,
    20138871,
    20138940,
    18936558,
    18936558,
    18936483,
    20023066,
    20023066,
    20022349,
    18959931,
    18959989,
    18959931,
    18959989,
    18959894,
    18671326,
    18671326,
    18670860,
    18977472,
    18977057,
    18978082,
    18977734,
    18976646,
    18977266,
    18977940,
    18977789,
    18978082,
    18977940,
    18977789,
    18977734,
    18977472,
    18977266,
    18977057,
    18976646,
    18975696,
    20001698,
    19998852,
    20003463,
    19998796,
    19998703,
    20000720,
    20000623,
    19999058,
    20001299,
    20002159,
    20003124,
    19998747,
    20004894,
    20001698,
    20001299,
    20000720,
    20000623,
    19997454,
    19998703,
    19998747,
    19998796,
    19998852,
    19999058,
    20002159,
    20003124,
    20003463,
    20004894,
    18786471,
    18786382,
    18786417,
    18786100,
    18786069,
    18785940,
    18786417,
    18786382,
    18786100,
    18786069,
    18785940,
    18786471,
    18722117,
    18721992,
    18721966,
    18722354,
    18722010,
    18722354,
    18721966,
    18721874,
    18721992,
    18722010,
    18722117,
    18717442,
    18719047,
    18716136,
    18721992,
    18717258,
    18722354,
    18716948,
    18722010,
    18722354,
    18712871,
    18716136,
    18716948,
    18717258,
    18717442,
    18719047,
    18721992,
    18722010,
    18721992,
    18722010,
    18722354,
    18722354,
    14095699,
    18721992,
    18722010,
    18721992,
    18722010,
    18722354,
    18722354,
    14095750,
    18721992,
    18722010,
    18780744,
    18780254,
    18780744,
    18780254,
    18780229,
    18787376,
    18787249,
    18787435,
    18787700,
    18787435,
    18787249,
    18787376,
    18787700,
    18670542,
    18670542,
    18670424,
    20139616,
    20139593,
    20139666,
    20139532,
    20139616,
    20139593,
    20139532,
    20139666,
    14077528,
    14078349,
    14077589,
    14076950,
    14078349,
    14077589,
    14077528,
    14075394,
    14076950,
    19172770,
    19172834,
    19172863,
    19172915,
    19172671,
    19172863,
    19172915,
    19172671,
    19172292,
    19172770,
    19172834,
    18808495,
    18808495,
    18808421,
    18786752,
    18786917,
    18786543,
    18786865,
    18787195,
    18786865,
    18786752,
    18786543,
    18786917,
    18787195,
    18954593,
    18954642,
    18954612,
    18953751,
    18954593,
    18953568,
    18953751,
    18954612,
    18954642,
    18985705,
    18985454,
    18985617,
    18984433,
    18985908,
    18985302,
    18985818,
    18985181,
    18985908,
    18985818,
    18985705,
    18985617,
    18985454,
    18985302,
    18985181,
    18984433,
    18984003,
    18407714,
    18407658,
    18407714,
    18407658,
    19878723,
    19878791,
    19878723,
    19878791,
    14166625,
    19801709,
    19801725,
    19801725,
    19801644,
    19801709,
    19787229,
    19787229,
    14160123,
    18924168,
    18924154,
    18924108,
    18924154,
    18924108,
    18924168,
    18559937,
    18559362,
    18559270,
    18559174,
    18559528,
    18559471,
    18559887,
    18560691,
    18559156,
    18559316,
    18560755,
    18559224,
    18560793,
    18559419,
    18560253,
    18559419,
    18559156,
    18559174,
    18559224,
    18559270,
    18559316,
    18559362,
    18559471,
    18559528,
    18559887,
    18559937,
    18560253,
    18560691,
    18560755,
    18560793,
    19018180,
    19018180,
    19018165,
    14126870,
    14126870,
    19002594,
    14080701,
    14080647,
    14080783,
    14081295,
    18584541,
    14080927,
    18584541,
    14080701,
    14081295,
    14080927,
    14080783,
    14080647,
    18584063,
    18348880,
    18348889,
    18348889,
    18348880,
    14047207,
    18349258,
    18349170,
    18349111,
    18349307,
    18349052,
    18349373,
    18349052,
    14047207,
    18348979,
    18349111,
    18349170,
    18349258,
    18349307,
    18349373,
    18523200,
    18529928,
    18530089,
    18528652,
    18521522,
    18530132,
    18530069,
    18530107,
    18523423,
    18530132,
    18523200,
    18521522,
    18520522,
    18523423,
    18528652,
    18529928,
    18530069,
    18530089,
    18530107,
    19784026,
    19784026,
    19783896,
    18486698,
    18486155,
    18486349,
    18486766,
    18486510,
    18486449,
    18486299,
    18486399,
    18486698,
    18486510,
    18486766,
    18485614,
    18486155,
    18486299,
    18486349,
    18486399,
    18486449,
    18327513,
    18327459,
    18327367,
    18327459,
    18327333,
    18327367,
    18327513,
    18327121,
    18327289,
    18327213,
    18327213,
    18327099,
    18327121,
    18327289,
    18445939,
    18445870,
    18445870,
    18445736,
    18445939,
    18460643,
    18459853,
    18459853,
    18459717,
    18460643,
    18187354,
    18187394,
    18187354,
    18187303,
    18187394,
    18217312,
    18217437,
    18217447,
    18217437,
    18217312,
    18217447,
    18131641,
    18132934,
    18132638,
    18132167,
    18132167,
    18132638,
    18131629,
    18131641,
    18132934,
    18456988,
    18457068,
    18456988,
    18457068,
    18328160,
    18328559,
    18328530,
    18329141,
    18330710,
    18327709,
    18329141,
    18327621,
    18327709,
    18328160,
    18328530,
    18328559,
    18330710,
    18188925,
    18188358,
    18187942,
    18188329,
    18189641,
    18188829,
    18188925,
    18187763,
    18187942,
    18188329,
    18188358,
    18188829,
    18189641,
    18394796,
    18394662,
    18394796,
    18394649,
    18394662,
    18776952,
    18776611,
    18776611,
    18776952,
    18776609,
    19008641,
    19008107,
    19008878,
    19008878,
    19008107,
    19008641,
    19007703,
    19006482,
    19006468,
    19006468,
    19006482,
    19006435,
    18567664,
    18567726,
    18567703,
    18567664,
    18567703,
    18567364,
    18567726,
    18567068,
    18566934,
    18567068,
    18566757,
    18566934,
    18566660,
    18566660,
    18566569,
    20023593,
    20024091,
    20023951,
    20023951,
    20023593,
    20023465,
    20024091,
    19840339,
    19840782,
    19840782,
    19840339,
    19840243,
    14121216,
    14121377,
    14121106,
    14121446,
    14121446,
    14121377,
    14121216,
    14121106,
    18970048,
    18789239,
    18789399,
    18789581,
    18789439,
    18789439,
    18789399,
    18789239,
    18789581,
    14120800,
    14120529,
    14120869,
    14120639,
    14120869,
    14120800,
    14120639,
    14120529,
    18968896,
    14119865,
    14119986,
    14119755,
    14120047,
    14120047,
    14119986,
    14119865,
    14119755,
    18965904,
    20139336,
    20139387,
    20139460,
    20139079,
    20139336,
    20139023,
    20139079,
    20139387,
    20139460,
    19005394,
    19004899,
    19004949,
    19004899,
    19004857,
    19004949,
    19005394,
    18960286,
    18960286,
    18960248,
    19509568,
    19509504,
    19506593,
    19509537,
    19506184,
    19509568,
    19505288,
    19506184,
    19506593,
    19509504,
    19509537,
    18721177,
    18721222,
    18721222,
    18721177,
    18721095,
    18684726,
    18683720,
    18685302,
    18685302,
    18684726,
    18683720,
    18682069,
    19524387,
    19524070,
    19526601,
    19519724,
    19519884,
    19519822,
    19523855,
    19524336,
    19524110,
    19523386,
    19526462,
    19519822,
    19524336,
    19526462,
    19523386,
    19517097,
    19519724,
    19519884,
    19523855,
    19524070,
    19524110,
    19524387,
    19526601,
    19375249,
    19379818,
    19375195,
    19381419,
    19375249,
    19375195,
    19374326,
    19379818,
    19381419,
    18782652,
    18782605,
    18782652,
    18782605,
    18782593,
    18782481,
    18782462,
    18782462,
    18782481,
    18782282,
    18975384,
    18975290,
    18974539,
    18975606,
    18975606,
    18975384,
    18975290,
    18974539,
    18974096,
    19174864,
    19176154,
    19175454,
    19175607,
    19175607,
    19174864,
    19173634,
    19175454,
    19176154,
    18394219,
    18394182,
    18394182,
    18394144,
    18394219,
    18462594,
    18462627,
    18462663,
    18462696,
    18462605,
    18462672,
    18462644,
    18462605,
    18462594,
    18462627,
    18462644,
    18462663,
    18462672,
    18462696,
    18414208,
    18413985,
    18414017,
    18413863,
    18414252,
    18414094,
    18414094,
    18413784,
    18413863,
    18413985,
    18414017,
    18414208,
    18414252,
    18246498,
    18246532,
    14033224,
    18246513,
    18246552,
    18246841,
    18246747,
    18246513,
    14033224,
    18246490,
    18246498,
    18246532,
    18246552,
    18246747,
    18246841,
    18238336,
    18238245,
    18238346,
    18238196,
    18238229,
    18238229,
    18238196,
    18238245,
    18238336,
    18238346,
    18443249,
    18443260,
    18443406,
    18443279,
    18443260,
    18443249,
    18443279,
    18443406,
    14020801,
    18166504,
    18165997,
    18166013,
    18165981,
    18166013,
    14020801,
    18165932,
    18165981,
    18165997,
    18166504,
    18412805,
    18412766,
    18412766,
    18412731,
    18412805,
    18165519,
    18165535,
    18165430,
    14020731,
    18165503,
    18165535,
    14020731,
    18165430,
    18165503,
    18165519,
    19878691,
    19878691,
    19878449,
    18687825,
    18688537,
    18687825,
    18688537,
    18687774,
    19787067,
    19787067,
    19786820,
    19009960,
    19009552,
    19009616,
    19010053,
    19010053,
    19009960,
    19009616,
    19009552,
    19009509,
    18814441,
    18813802,
    18815349,
    18814098,
    18813802,
    18815349,
    18813307,
    18814098,
    18814441,
    18287424,
    18288641,
    18288418,
    18286531,
    18286598,
    18287367,
    18287391,
    18287391,
    18284749,
    18286531,
    18286598,
    18287367,
    18287424,
    18288418,
    18288641,
    18361347,
    18361864,
    18360777,
    18360810,
    18362071,
    14049368,
    18361082,
    18361082,
    14049368,
    18360624,
    18360777,
    18360810,
    18361347,
    18361864,
    18362071,
    18260865,
    18262465,
    18260803,
    18259396,
    18258470,
    14035111,
    18262602,
    18261044,
    18262293,
    14034743,
    14034840,
    18260122,
    14034619,
    18260892,
    18258470,
    14034619,
    14034743,
    14034840,
    14035111,
    18254735,
    18259396,
    18260122,
    18260803,
    18260865,
    18260892,
    18261044,
    18262293,
    18262465,
    18262602,
    18229833,
    18231115,
    18229198,
    18229172,
    18231128,
    18229833,
    18228210,
    18229172,
    18229198,
    18231115,
    18231128,
    18228003,
    18226444,
    18228014,
    18226161,
    18226612,
    18227100,
    18227100,
    18226612,
    18226444,
    18226161,
    18226064,
    18228003,
    18228014,
    19801762,
    19801762,
    19801749,
    19801749,
    18216369,
    18216333,
    18216414,
    18216369,
    18216333,
    18216414,
    18187558,
    18187718,
    18187699,
    18187606,
    18187482,
    18187582,
    18187699,
    18187718,
    18187606,
    18187582,
    18187558,
    18187482,
    18212792,
    18212777,
    18212830,
    18212743,
    18212743,
    18212792,
    18212777,
    18212830,
    18445366,
    18445340,
    18445326,
    18445326,
    18445366,
    18445340,
    14057632,
    18420485,
    18421448,
    18421086,
    18421119,
    18421119,
    14057632,
    18420485,
    18421086,
    18421448,
    19822342,
    19822342,
    19821894,
    19104903,
    19104903,
    19104665,
    18801800,
    18801830,
    18801800,
    18801830,
    19896585,
    19896388,
    19896585,
    19896388,
    20192794,
    20192794,
    20192712,
    19956163,
    19956452,
    19956510,
    19956510,
    19956163,
    19955068,
    19956452,
    19779109,
    19779109,
    19201072,
    19201111,
    19201111,
    19201072,
    19200902,
    19842490,
    19842490,
    19841169,
    20016837,
    20017094,
    20017160,
    20016884,
    20016729,
    20016837,
    20016729,
    20016509,
    20016884,
    20017094,
    20017160,
    19828961,
    19828135,
    19829193,
    19828751,
    19828080,
    19828961,
    19828080,
    19827778,
    19828135,
    19828751,
    19829193,
    19154788,
    19153513,
    19153641,
    19156618,
    19154866,
    19153513,
    19154866,
    19153430,
    19153641,
    19154788,
    19156618,
    19826288,
    19826288,
    19826258,
    19996109,
    19996662,
    19996287,
    19996287,
    19996064,
    19996109,
    19996662,
    18569657,
    18569221,
    18569657,
    18569221,
    18569129,
    18568635,
    18568635,
    18568175,
    18574608,
    18574608,
    18574523,
    18532753,
    18532753,
    18532724,
    19723798,
    19723798,
    19723646,
    19016864,
    19016449,
    19016845,
    19016864,
    19015562,
    19016449,
    19016845,
    18573857,
    18573857,
    18573828,
    19729440,
    19729069,
    19729440,
    19729069,
    19728817,
    18721523,
    18721500,
    18721725,
    18721725,
    18721412,
    18721500,
    18721523,
    18554817,
    18554495,
    18554817,
    18554334,
    18554495,
    18557816,
    18557563,
    18557646,
    18557816,
    18557646,
    18557563,
    18557519,
    18771683,
    18771683,
    18771258,
    18957416,
    18957416,
    18957411,
    18809578,
    18809578,
    18809576,
    18535669,
    18535669,
    18535636,
    19005813,
    19005813,
    19005601,
    19000151,
    19000151,
    18998973,
    19445131,
    19445131,
    19444147,
    19282317,
    19282317,
    19282201,
    19611531,
    19611531,
    19610243,
    19651851,
    19651851,
    19650867,
    19459528,
    19462340,
    19460117,
    19458551,
    19460117,
    19462340,
    19459528,
    19458551,
    19457486,
    19937944,
    19937337,
    19937875,
    19938125,
    19937944,
    19938125,
    19937287,
    19937337,
    19937875,
    19590171,
    19590171,
    19589187,
    19674660,
    19674660,
    19673331,
    19306685,
    19306685,
    19306569,
    19491147,
    19491147,
    19489859,
    19703412,
    19703412,
    19702083,
    19331709,
    19331709,
    19331593,
    18685867,
    18685867,
    18685818,
    18785384,
    18785408,
    18785384,
    18785054,
    18785408,
    18352578,
    18352541,
    18352578,
    18352469,
    18352541,
    18189985,
    18189773,
    18190477,
    18189985,
    18189773,
    18190477,
    18462466,
    18461611,
    18461797,
    18462365,
    18462466,
    18461797,
    18460859,
    18461611,
    18462365,
    18343033,
    18342564,
    18342293,
    18343086,
    18343033,
    18340905,
    18342293,
    18342564,
    18343086,
    14056618,
    18416234,
    18414961,
    18415893,
    18415294,
    14056618,
    18415294,
    18414486,
    18414961,
    18415893,
    18416234,
    18414436,
    18414436,
    18332794,
    18331749,
    18331749,
    18331687,
    18332794,
    19895688,
    19895644,
    19895583,
    19895688,
    19895644,
    19895583,
    19895311,
    19160689,
    19159621,
    19161605,
    19160807,
    19161605,
    19159314,
    19159621,
    19160689,
    19160807,
    19160689,
    19159621,
    19161605,
    19160807,
    19161605,
    19160689,
    19159605,
    19159621,
    19160807,
    19160689,
    19161605,
    19160807,
    19161605,
    19160689,
    19160365,
    19160807,
    19130506,
    19129179,
    19130678,
    19129359,
    19130506,
    19129179,
    19127065,
    19129359,
    19130678,
    19345856,
    19346687,
    19347815,
    19346887,
    19345289,
    19346570,
    19345387,
    19345769,
    19346734,
    19346929,
    19345587,
    19347002,
    19346648,
    19346106,
    19346047,
    19347815,
    19346570,
    19345587,
    19345387,
    19344686,
    19345289,
    19345769,
    19345856,
    19346047,
    19346106,
    19346648,
    19346687,
    19346734,
    19346887,
    19346929,
    19347002,
    19338377,
    19337610,
    19340050,
    19342227,
    19341458,
    19338901,
    19339417,
    19340826,
    19340200,
    19338946,
    19342916,
    19340614,
    19340878,
    19340242,
    19338195,
    19342290,
    19340764,
    19342822,
    19339498,
    19338110,
    19342822,
    19342227,
    19340050,
    19338901,
    19338946,
    19338195,
    19337320,
    19337610,
    19338110,
    19338377,
    19339417,
    19339498,
    19340200,
    19340242,
    19340614,
    19340764,
    19340826,
    19340878,
    19341458,
    19342290,
    19342916,
    19001620,
    19001620,
    19000493,
    19366148,
    19364102,
    19364752,
    19367572,
    19365528,
    19365403,
    19365023,
    19365928,
    19366193,
    19365302,
    19366075,
    19364290,
    19363784,
    19368828,
    19366733,
    19365070,
    19364815,
    19365363,
    19365243,
    19366652,
    19365928,
    19367572,
    19366652,
    19368828,
    19365403,
    19365363,
    19364815,
    19364102,
    19366733,
    19363329,
    19363784,
    19364290,
    19364752,
    19365023,
    19365070,
    19365243,
    19365302,
    19365528,
    19366075,
    19366148,
    19366193,
    19117720,
    19116619,
    19117720,
    19116619,
    19115293,
    19147489,
    19146082,
    19147621,
    19146389,
    19148442,
    19148442,
    19147489,
    19146389,
    19146082,
    19144325,
    19147621,
    19142369,
    19141253,
    19142501,
    19140954,
    19143322,
    19143322,
    19142369,
    19141253,
    19140954,
    19139445,
    19142501,
    19200283,
    19199532,
    19200283,
    19198968,
    19199532,
    19136165,
    19135847,
    19137362,
    19138460,
    19137629,
    19138460,
    19137362,
    19136165,
    19135847,
    19134845,
    19137629,
    19168897,
    19168578,
    19168292,
    19167429,
    19166539,
    19168501,
    19169341,
    19168292,
    19168897,
    19167429,
    19168501,
    19166497,
    19166539,
    19168578,
    19169341,
    19357569,
    19357077,
    19357462,
    19356567,
    19356951,
    19356830,
    19355423,
    19358752,
    19355041,
    19359398,
    19356345,
    19356098,
    19355339,
    19357522,
    19357025,
    19358690,
    19356516,
    19357157,
    19355249,
    19356098,
    19359398,
    19358690,
    19356345,
    19355423,
    19355041,
    19354030,
    19355249,
    19355339,
    19356516,
    19356567,
    19356830,
    19356951,
    19357025,
    19357077,
    19357157,
    19357462,
    19357522,
    19357569,
    19358752,
    19967015,
    19965230,
    19963318,
    19962938,
    19966271,
    19965230,
    19966271,
    19967015,
    19962938,
    19963318,
    19962855,
    19121321,
    19120291,
    19121321,
    19120291,
    19118737,
    19192747,
    19192747,
    19192104,
    19281470,
    19281470,
    19280588,
    19361568,
    19361475,
    19362376,
    19360681,
    19361676,
    19361005,
    19361517,
    19360918,
    19362376,
    19361475,
    19361517,
    19361005,
    19360681,
    19360562,
    19360918,
    19361568,
    19361676,
    19108677,
    19110118,
    19107912,
    19110413,
    19108245,
    19110118,
    19108677,
    19108245,
    19107912,
    19110413,
    19106555,
    19125481,
    19124451,
    19125481,
    19124451,
    19122897,
    19689595,
    19689595,
    19688128,
    19305838,
    19305838,
    19304956,
    19195503,
    19195503,
    19194690,
    19662331,
    19662331,
    19660864,
    20119460,
    20119412,
    20119485,
    20119485,
    20107284,
    20119412,
    20119460,
    18721305,
    18721350,
    18721350,
    18721305,
    19010910,
    19010910,
    19010532,
    18362144,
    18362144,
    18245125,
    18245615,
    18245302,
    18245050,
    18245019,
    18245019,
    18244939,
    18245050,
    18245125,
    18245302,
    18245615,
    19943825,
    19944636,
    19942980,
    19943825,
    19942980,
    19942912,
    19944636,
    19945075,
    19946004,
    19945917,
    19945075,
    19946004,
    19945031,
    19945917,
    19154866,
    19154788,
    19156618,
    19154866,
    14134331,
    19154788,
    19156618,
    19154788,
    19154408,
    19156618,
    19154866,
    19154555,
    19154866,
    19154408,
    19154555,
    19154788,
    19156618,
    19222247,
    19218669,
    19222382,
    19222287,
    19218749,
    19222303,
    19218749,
    19217025,
    19218669,
    19222247,
    19222287,
    19222303,
    19222382,
    19940721,
    19940798,
    19940798,
    19940578,
    19940721,
    18216917,
    18216976,
    18216933,
    18216933,
    18216904,
    18216917,
    18216976,
    18234144,
    18233028,
    18233028,
    18232057,
    18234144,
    18452592,
    18453958,
    18452592,
    18452574,
    18453958,
    18449360,
    18448561,
    18448561,
    18448375,
    18449360,
    18446538,
    14061331,
    18446516,
    18446670,
    18446516,
    14061331,
    18446538,
    18446670,
    18243691,
    18244645,
    18243718,
    18243427,
    18243691,
    18243243,
    18243427,
    18243718,
    18244645,
    19831121,
    19831121,
    19831009,
    19822749,
    19822749,
    19822698,
    19822909,
    19823023,
    19823023,
    19822909,
    19822798,
    18802007,
    18802007,
    18801987,
    19928480,
    19928480,
    19926208,
    19928229,
    19926791,
    19926536,
    19927221,
    19926208,
    19927221,
    19926791,
    19928229,
    19925686,
    19926536,
    19905221,
    19903979,
    19903620,
    19904277,
    19903620,
    19904277,
    19903979,
    19905221,
    19903078,
    19922478,
    19920370,
    19921205,
    19920774,
    19920370,
    19921205,
    19920774,
    19922478,
    19919846,
    19923256,
    19923565,
    19925445,
    19924133,
    19923256,
    19924133,
    19923565,
    19925445,
    19922734,
    20194025,
    20194025,
    20195159,
    20195159,
    20195123,
    19995225,
    19994876,
    19995225,
    19994876,
    19994867,
    19802127,
    19802127,
    19801823,
    19203392,
    19201765,
    19201579,
    19201932,
    19202258,
    19202554,
    19201435,
    19203164,
    19202941,
    19202399,
    19203164,
    19202554,
    19202941,
    19202399,
    19202258,
    19203392,
    19201932,
    19201765,
    19201435,
    19201579,
    19201250,
    18973135,
    18973135,
    18971204,
    19832870,
    19833515,
    19832845,
    19833638,
    19833515,
    19833638,
    19832509,
    19832845,
    19832870,
    14173731,
    14173196,
    14173731,
    14172978,
    14173196,
    18569773,
    18570222,
    18569773,
    18569765,
    18570222,
    18575624,
    18574769,
    18575739,
    18575739,
    18574769,
    18575624,
    18532937,
    18533361,
    18532937,
    18532931,
    18533361,
    18496974,
    18496974,
    18496707,
    19017175,
    19017175,
    19720563,
    19718891,
    19720356,
    19718891,
    19718777,
    19720356,
    19720563,
    18564295,
    18564361,
    18563757,
    18564432,
    18564273,
    18564339,
    18564405,
    18564185,
    18564251,
    18564339,
    18564405,
    18564432,
    18564273,
    18564251,
    18563701,
    18563757,
    18564185,
    18564295,
    18564361,
    19204913,
    19205082,
    19205119,
    19205119,
    19204907,
    19204913,
    19205082,
    18556915,
    18556915,
    18556395,
    18554902,
    18554902,
    18554865,
    18536147,
    18535863,
    18535863,
    18536147,
    18535857,
    18404780,
    18404780,
    18404773,
    19096412,
    19096412,
    14131480,
    19660705,
    19657921,
    19659078,
    19657901,
    19659120,
    19660564,
    19660436,
    19660244,
    19660705,
    19660564,
    19660436,
    19659120,
    19657921,
    19657901,
    19660244,
    19659078,
    19657497,
    19705929,
    19707307,
    19707218,
    19707189,
    19707550,
    19707550,
    19707307,
    19707218,
    19705929,
    19707189,
    19705139,
    19446688,
    19446859,
    19446614,
    19447131,
    19447070,
    19447131,
    19446688,
    19446859,
    19447070,
    19446614,
    19446437,
    19676073,
    19676282,
    19675987,
    19675962,
    19676282,
    19676073,
    19675987,
    19675962,
    19675531,
    19344457,
    19344336,
    19344277,
    19344509,
    19344574,
    19344277,
    19344509,
    19344457,
    19344574,
    19344336,
    19344264,
    19374128,
    19374128,
    19373879,
    19368828,
    19368828,
    14141483,
    19368828,
    19368828,
    14141493,
    19368784,
    19369716,
    19368757,
    19368828,
    19369500,
    19368828,
    19368784,
    19369716,
    19369500,
    19368744,
    19368757,
    19344217,
    19344217,
    19344126,
    19368828,
    19368828,
    14141537,
    19619754,
    19618670,
    19619729,
    19619770,
    19618651,
    19618622,
    19618670,
    19619770,
    19619729,
    19618622,
    19617000,
    19618651,
    19619754,
    20199503,
    20199503,
    20199395,
    19792388,
    19792477,
    19792415,
    19792388,
    19792477,
    19791966,
    19792415,
    19797830,
    19797232,
    19798002,
    19797173,
    19797145,
    19798002,
    19797830,
    19797145,
    19797232,
    19796060,
    19797173,
    19795283,
    19795259,
    19795340,
    19795259,
    19795340,
    19793920,
    19795283,
    20094002,
    20098381,
    20097342,
    20097286,
    20097342,
    20097286,
    20098381,
    20094002,
    20093812,
    20015627,
    20016006,
    20016006,
    20015627,
    20015613,
    18190788,
    18190902,
    18190598,
    18190902,
    18190576,
    18190598,
    18190788,
    18344132,
    18344037,
    18344037,
    18343926,
    18344132,
    18343741,
    18343823,
    18343741,
    18343630,
    18343823,
    18393769,
    18393786,
    18393786,
    18393737,
    18393769,
    18387385,
    18387355,
    18387355,
    18387310,
    18387385,
    18212082,
    18211901,
    18211935,
    18211935,
    18211797,
    18211901,
    18212082,
    18393344,
    18393344,
    18393298,
    14040451,
    14040520,
    14040715,
    18313749,
    18313814,
    18313530,
    14040542,
    18313503,
    14040542,
    14040451,
    18313749,
    14040520,
    14040715,
    18313368,
    18313503,
    18313530,
    18313814,
    18197917,
    18197917,
    18197898,
    18381923,
    18381515,
    18381550,
    14050899,
    18381498,
    18381887,
    14050899,
    18381923,
    18381887,
    18381461,
    18381498,
    18381515,
    18381550,
    18314180,
    18313958,
    14040810,
    18314162,
    18314261,
    14041055,
    14040810,
    18314180,
    14041055,
    18313928,
    18313958,
    18314162,
    18314261,
    18198473,
    18198473,
    18198344,
    18381416,
    18381364,
    18381398,
    18381416,
    18381398,
    18381364,
    18197853,
    18197853,
    18197834,
    18198265,
    18198265,
    18198136,
    18963780,
    18963780,
    18963357,
    19972994,
    19973349,
    19972274,
    19974805,
    19972312,
    19973349,
    19972994,
    19974805,
    19972274,
    19971610,
    19972312,
    19980036,
    19981061,
    19980749,
    19981527,
    19982685,
    19981061,
    19980749,
    19982685,
    19980036,
    19979271,
    19981527,
    18608933,
    18606510,
    18607717,
    18607118,
    18607717,
    18607118,
    18608933,
    18606510,
    18605837,
    19751157,
    19750293,
    19749847,
    19750293,
    19749847,
    19751157,
    19748664,
    18624625,
    18622932,
    18623605,
    18623128,
    18622938,
    18623605,
    18623128,
    18624625,
    18622938,
    18622285,
    18622932,
    18598853,
    18597284,
    18597628,
    18597925,
    18597925,
    18597628,
    18598853,
    18596621,
    18597284,
    18602085,
    18599761,
    18600869,
    18600382,
    18600869,
    18600382,
    18599761,
    18602085,
    18599119,
    18596373,
    18594771,
    18595116,
    18595413,
    18595413,
    18595116,
    18596373,
    18594771,
    18594100,
    18998572,
    18998215,
    18998572,
    18998215,
    18997834,
    19752690,
    19754101,
    19753141,
    19753141,
    19752690,
    19754101,
    19751416,
    19748405,
    19747573,
    19747127,
    19747573,
    19747127,
    19748405,
    19746072,
    19968740,
    19969007,
    19969333,
    19969751,
    19971256,
    19969333,
    19969007,
    19971256,
    19968740,
    19968070,
    19969751,
    19978885,
    19976015,
    19977205,
    19977655,
    19976888,
    19977205,
    19976888,
    19978885,
    19976015,
    19975270,
    19977655,
    18603102,
    18604277,
    18603710,
    18605493,
    18604277,
    18603710,
    18605493,
    18602429,
    18603102,
    19757141,
    19755724,
    19756021,
    19756021,
    19755724,
    19757141,
    19754360,
    18997088,
    18996840,
    18997088,
    18996840,
    18996563,
    18616133,
    18616133,
    18615773,
    19370360,
    19370360,
    19370248,
    19370753,
    19370753,
    19370426,
    18151064,
    18151749,
    18151064,
    18150904,
    18151749,
    18150700,
    18150700,
    19983435,
    19983980,
    19983435,
    19983021,
    19983980,
    19987739,
    19987739,
    19987445,
    19992817,
    19990483,
    19992190,
    19990483,
    19992817,
    19990073,
    19992190,
    19985115,
    19985115,
    19984821,
    14086152,
    14086152,
    14085985,
    19697984,
    19694225,
    19695976,
    19697984,
    19695976,
    19692583,
    19694225,
    19666984,
    19663984,
    19668358,
    19668358,
    19666984,
    19662576,
    19663984,
    19196042,
    19196042,
    19195931,
    19196964,
    19196964,
    19196878,
    18914148,
    18914734,
    18911759,
    18915160,
    18911317,
    18914679,
    18911640,
    18911384,
    18911317,
    18914679,
    18911640,
    18909675,
    18911384,
    18911759,
    18914148,
    18914734,
    18915160,
    18245708,
    18245708,
    19949545,
    19948811,
    19946349,
    19951447,
    19948700,
    19951447,
    19949545,
    19948700,
    19948811,
    19946349,
    19223457,
    19223457,
    19223368,
    19232776,
    19231437,
    19231378,
    19231421,
    19229310,
    19229310,
    19231378,
    19232776,
    19231437,
    19231421,
    19226596,
    19329515,
    19329515,
    19327215,
    19287308,
    19287308,
    19284950,
    19311676,
    19311676,
    19309318,
    18236832,
    18238058,
    18237170,
    14031348,
    18237556,
    18237366,
    18238058,
    18237556,
    18237366,
    14031348,
    18236832,
    18237170,
    18235112,
    18236047,
    18236080,
    18235546,
    14031035,
    18236047,
    14031035,
    18236080,
    18234313,
    18235112,
    18235546,
    19824026,
    19823853,
    19824110,
    19824007,
    19824007,
    19824110,
    19823802,
    19823853,
    19824026,
    19823731,
    19823731,
    19823073,
    18802368,
    18802368,
    14104038,
    18802368,
    18802347,
    18802368,
    18802331,
    18802347,
    18802368,
    18802368,
    14104097,
    18804460,
    18804295,
    18804295,
    18804460,
    18803931,
    19171463,
    19171463,
    19171327,
    18803779,
    18803627,
    18803797,
    18803606,
    18803797,
    18803627,
    18803590,
    18803606,
    18803779,
    18805323,
    18805323,
    18938171,
    18938171,
    18937778,
    18802634,
    18802604,
    18802653,
    18802653,
    18802589,
    18802604,
    18802634,
    20194380,
    20194380,
    20194368,
    19953231,
    19953231,
    19952992,
    19203842,
    19203842,
    19203547,
    18404697,
    18404733,
    18404697,
    18404733,
    18404573,
    18404533,
    18404533,
    18404573,
    18770951,
    18770951,
    18770813,
    18809494,
    18809494,
    18809461,
    18557112,
    18557209,
    18557364,
    18557364,
    18557209,
    18557112,
    18557063,
    18558760,
    18558888,
    18558760,
    18558720,
    18558888,
    19728571,
    19728571,
    19723344,
    19723023,
    19723344,
    19723023,
    19722971,
    18957398,
    18957398,
    18957361,
    19097058,
    19097509,
    19096943,
    19097058,
    19096905,
    19096943,
    19097509,
    18573690,
    18573690,
    18489111,
    18489111,
    18489015,
    18412931,
    18412931,
    18412840,
    14065158,
    14065158,
    18254497,
    18254213,
    18254342,
    14034155,
    18253175,
    18253753,
    18253721,
    18254497,
    18254342,
    18254213,
    18253753,
    14034155,
    18253130,
    18253175,
    18253721,
    14027920,
    18221268,
    18220432,
    18220559,
    14027920,
    18220559,
    18220432,
    18220412,
    18221268,
    14028435,
    14028293,
    18225912,
    18225122,
    18225563,
    18223999,
    18225563,
    18225122,
    18223999,
    18225912,
    18223954,
    18413611,
    18413735,
    18413611,
    18413299,
    18413735,
    18248513,
    18248243,
    18247293,
    14033382,
    14033382,
    18248243,
    18247293,
    18248513,
    18212184,
    18212338,
    18212216,
    18212121,
    18212282,
    14026015,
    18212338,
    18212282,
    18212216,
    14026015,
    18212121,
    18212184,
    14026465,
    18215740,
    18215677,
    18215943,
    18215740,
    18215677,
    14026465,
    18215641,
    18215943,
    18216832,
    18216474,
    18216765,
    14026719,
    14026719,
    18216765,
    18216474,
    18216832,
    18432975,
    18432975,
    18432763,
    18160985,
    18160850,
    14020093,
    18161247,
    14020093,
    18160985,
    18160850,
    18161247,
    14025819,
    14025819,
    18246372,
    18246372,
    18246367,
    18211187,
    18211187,
    18211137,
    19096094,
    19096094,
    19096030,
    19531971,
    19532644,
    19532014,
    19532047,
    19531790,
    19531740,
    19531971,
    19531740,
    19532047,
    19532644,
    19532014,
    19531790,
    19531564,
    18591021,
    18591021,
    18590846,
    20045899,
    20045899,
    20045807,
    18191264,
    18191264,
    18191201,
    18191201,
    18223296,
    18223817,
    18223749,
    18223296,
    18223749,
    18222846,
    18223817,
    18393564,
    18393564,
    18382272,
    18382272,
    18382261,
    18400771,
    18401188,
    18399622,
    18400771,
    18399398,
    18399622,
    18401188,
    18397440,
    18397475,
    18397539,
    18397510,
    18397329,
    18397811,
    18397877,
    18397560,
    18397560,
    18397440,
    18397329,
    18396686,
    18397475,
    18397510,
    18397539,
    18397811,
    18397877,
    18382316,
    18382316,
    18382295,
    18429792,
    18426209,
    18430104,
    18427803,
    18432573,
    18427803,
    18429792,
    18426209,
    18430104,
    18425793,
    18432573,
    18178120,
    18176372,
    18176372,
    18176065,
    18178120,
    18802702,
    18802702,
    14104215,
    18179408,
    18181089,
    18178700,
    18178958,
    18178700,
    18178477,
    18178958,
    18179408,
    18181089,
    18163252,
    18163166,
    18163252,
    18163166,
    18321984,
    18321668,
    18321989,
    18321668,
    18321575,
    18321984,
    18321989,
    18317312,
    18316996,
    18317317,
    18316996,
    18316903,
    18317312,
    18317317,
    19872230,
    19872230,
    19872012,
    19894456,
    19894251,
    19893495,
    19894251,
    14167787,
    19893495,
    19894456,
    18803660,
    18803660,
    14104406,
    18421904,
    18421826,
    18424339,
    18422666,
    18421904,
    18421826,
    18422666,
    18421576,
    18424339,
    18324368,
    18324052,
    18324373,
    18324052,
    18324368,
    18323959,
    18324373,
    19873161,
    19872852,
    19872861,
    19872852,
    19873161,
    19872402,
    19872861,
    18395361,
    18395399,
    18395361,
    18395399,
    18395938,
    18395907,
    18395605,
    18395907,
    18395605,
    18395527,
    18395938,
    18396186,
    18396499,
    18396605,
    18396186,
    18396499,
    18396149,
    18396605,
    18419916,
    18419871,
    18419871,
    18419916,
    19327125,
    19327125,
    19940407,
    19940407,
    19940346,
    19327154,
    19327154,
    19256492,
    19256492,
    19256273,
    18905334,
    18905334,
    18904686,
    19337139,
    19337139,
    19335836,
    19829741,
    19829741,
    19829339,
    19824936,
    19825077,
    19824855,
    19825077,
    19824786,
    19824855,
    19824936,
    18801313,
    18801341,
    18801341,
    18801313,
    18801308,
    19884875,
    19884875,
    19884068,
    18783177,
    18783439,
    18783579,
    18783273,
    18783579,
    18783177,
    18783273,
    18783439,
    18580097,
    18580097,
    18800258,
    18800258,
    19205250,
    19205250,
    18801425,
    18801453,
    18801425,
    18801453,
    18801420,
    18792978,
    18793227,
    18793047,
    18792978,
    18793047,
    18793227,
    18792846,
    18942226,
    18942226,
    18941945,
    19873440,
    19873488,
    19873440,
    19873488,
    18561704,
    18561981,
    18561981,
    18561298,
    18561704,
    18798528,
    18798528,
    19766521,
    19766521,
    19766264,
    20138009,
    20137799,
    20137799,
    20138009,
    18586059,
    18586116,
    18586059,
    18586116,
    18793293,
    18793293,
    18805236,
    18805205,
    18805205,
    18805236,
    18808918,
    18808918,
    18808823,
    20005210,
    20005210,
    20005188,
    18799091,
    18799091,
    18576508,
    18576508,
    18576409,
    18801400,
    18801374,
    18801400,
    18801374,
    18801366,
    18801039,
    18800955,
    18801107,
    18800693,
    18801179,
    18800606,
    18800693,
    18800606,
    18801179,
    18801107,
    18801039,
    18800955,
    18800392,
    19880691,
    19880691,
    19880148,
    18943665,
    18943916,
    18943916,
    18943665,
    18943537,
    19882779,
    19882779,
    19881972,
    18801489,
    18801517,
    18801517,
    18801489,
    18801484,
    20012723,
    20012723,
    20012328,
    18412393,
    18412547,
    18412547,
    18412393,
    18779480,
    18779692,
    18779480,
    18779692,
    19097842,
    19097842,
    19097710,
    19097597,
    19097597,
    19097576,
    18413082,
    18413082,
    18413024,
    18277384,
    18277384,
    18276172,
    18276172,
    18275645,
    18222657,
    18222518,
    18222518,
    18221367,
    18222657,
    19096731,
    19096731,
    19096717,
    19568165,
    19568165,
    19568087,
    19561261,
    19561261,
    19560863,
    18404914,
    18404933,
    18404933,
    18404902,
    18404914,
    19873286,
    19873286,
    14166337,
    19785229,
    19785229,
    19785109,
    18154447,
    18154447,
    18669457,
    18669457,
    19877395,
    19877395,
    19876821,
    18217193,
    18217211,
    18217093,
    18217193,
    18217093,
    18217042,
    18217211,
    18277480,
    18277480,
    18397959,
    18397959,
    18397957,
    18446888,
    18446762,
    18446740,
    14061554,
    18446762,
    14061554,
    18446888,
    18446740,
    18211700,
    18211684,
    18211684,
    18211674,
    18211700,
    18178384,
    18178384,
    18178327,
    18182137,
    18182137,
    18182096,
    18158497,
    18158529,
    14019784,
    18158476,
    18158519,
    18158519,
    14019784,
    18158476,
    18158497,
    18158529,
    18322489,
    18322443,
    18322369,
    18322489,
    18322443,
    18322369,
    18318912,
    18318917,
    18318912,
    18318503,
    18318917,
    18318112,
    18318117,
    18318112,
    18317703,
    18318117,
    18320032,
    18320037,
    18320032,
    18319623,
    18320037,
    18320832,
    18320837,
    18320832,
    18320423,
    18320837,
    18323104,
    18323109,
    18323104,
    18322695,
    18323109,
    18359462,
    14048935,
    18358792,
    18356140,
    14048175,
    18355983,
    18359420,
    18359858,
    18358839,
    18357016,
    18359386,
    18356604,
    18358174,
    18358792,
    18357016,
    18356604,
    18355983,
    14048175,
    14048935,
    18355864,
    18356140,
    18358174,
    18358839,
    18359386,
    18359420,
    18359462,
    18359858,
    18346505,
    18346828,
    18346833,
    14046386,
    18346108,
    18346174,
    18346828,
    18346108,
    14046386,
    18345880,
    18346174,
    18346505,
    18346833,
    19894456,
    19893569,
    19893495,
    19893569,
    19893495,
    19892820,
    19894456,
    18324835,
    18324938,
    18324783,
    14042974,
    18324799,
    18324835,
    14042974,
    18324783,
    18324799,
    18324938,
    18316869,
    18316869,
    18316553,
    19874028,
    19874028,
    19873906,
    18982720,
    18982720,
    18982663,
    18919714,
    18919714,
    18919563,
    19441979,
    19441979,
    19441839,
    19442521,
    19442737,
    19442521,
    19442737,
    19442256,
    19826067,
    19826067,
    19825987,
    18801541,
    18801541,
    18793672,
    18793672,
    18797610,
    18797610,
    18797436,
    18943468,
    18943468,
    18942993,
    19875936,
    19874919,
    19874919,
    19875936,
    19874248,
    19894456,
    19891072,
    19891542,
    19893495,
    19893495,
    19891542,
    19894456,
    19891072,
    19890655,
    20138147,
    20138147,
    20138085,
    18587252,
    18587252,
    18586870,
    18944039,
    18944039,
    19995959,
    19995959,
    19995844,
    18783056,
    18782897,
    18783056,
    18782897,
    18782709,
    18687365,
    18687365,
    18687272,
    18413132,
    18413132,
    18277429,
    18277429,
    18687687,
    18687687,
    18687601,
    19566777,
    19566777,
    19566404,
    18154419,
    18154419,
    18154403,
    14039933,
    14039933,
    18307459,
    18307436,
    18307436,
    18307408,
    18307459,
    18275442,
    18275442,
    18399120,
    18399120,
    18321506,
    14042376,
    18321272,
    18321460,
    18321304,
    18321244,
    18321304,
    18321272,
    14042376,
    18321460,
    18321244,
    18321506,
    18315928,
    18316023,
    18315928,
    18315734,
    18316023,
    18365504,
    18363940,
    18363889,
    18364501,
    14049819,
    18363940,
    14049819,
    18364501,
    18363241,
    18363889,
    18365504,
    18403889,
    18403889,
    18403861,
    18154561,
    18154561,
    18323617,
    18323528,
    18323537,
    18323773,
    18323806,
    18323528,
    18323617,
    18323773,
    18323499,
    18323537,
    18323806,
    18399176,
    18399352,
    18399176,
    18399154,
    18399352,
    18312272,
    18312471,
    18312272,
    18312227,
    18312471,
    18164064,
    18164263,
    18164064,
    18164019,
    18164263,
    18398050,
    18398044,
    18398050,
    18398030,
    18398044,
    18368487,
    18368487,
    18399084,
    18399084,
    18399063,
    18457121,
    18457845,
    18457121,
    18457845,
    18446986,
    18448198,
    18446986,
    18448198,
    18445548,
    18445548,
    18445534,
    18212697,
    18212684,
    18212684,
    18212508,
    18212697,
    18211729,
    18211729,
    18157984,
    18157937,
    18158010,
    18157974,
    18157974,
    18157984,
    18157937,
    18158010,
    18319392,
    18319465,
    18319374,
    18319465,
    18319374,
    18319302,
    18319392,
    18362628,
    14049485,
    18362893,
    18362381,
    18363056,
    18362301,
    18362381,
    14049485,
    18362628,
    18362301,
    18362216,
    18362893,
    18363056,
    18360218,
    18360143,
    18360218,
    18360071,
    18360143,
    18348518,
    18348518,
    18348500,
    19739880,
    19739880,
    18945001,
    18945219,
    18945219,
    18945001,
    18944876,
    18788083,
    18788083,
    18788007,
    18368388,
    18368388,
    18368379,
    18186384,
    18186324,
    18186509,
    14023687,
    14023687,
    18186384,
    18186324,
    18186068,
    18186509,
    18313105,
    18313218,
    14040316,
    18312836,
    14040316,
    18313105,
    18312836,
    18312559,
    18313218,
    14020260,
    14020260,
    14020206,
    14019680,
    18158077,
    18158117,
    18158054,
    14019680,
    18158117,
    18158077,
    18158049,
    18158054,
    18368292,
    18368292,
    18368283,
    14019642,
    14019642,
    18311960,
    18312065,
    18311994,
    18312020,
    18311994,
    18312020,
    18311960,
    18311951,
    18312065,
    14040128,
    14040128,
    14040122,
    18368452,
    18368452,
    18368423,
    14020170,
    14020170,
    14020116,
    14040159,
    14040159,
    14040153,
    18307040,
    18307040,
    18307020,
    18368356,
    18368356,
    18368327,
    18307264,
    14039782,
    18307303,
    18307151,
    18307196,
    14039782,
    18307303,
    18307196,
    18307151,
    18307099,
    18307264,
    18306255,
    18306255,
    18162233,
    18162267,
    18162233,
    18162267,
    18161818,
    18161721,
    18161762,
    18161721,
    18161762,
    18161306,
    18458969,
    18458930,
    18458969,
    18458930,
    18458795,
    18312145,
    18312177,
    18312145,
    18312177,
    18315378,
    18315199,
    18315199,
    18315139,
    18315378,
    18312095,
    18312095,
    18315673,
    18315502,
    18315502,
    18315428,
    18315673
]