[
    4199904,
    4199904,
    4216889,
    4216841,
    4216934,
    4216934,
    4216889,
    4216841,
    4206051,
    4205897,
    4206186,
    4206090,
    4205997,
    4205397,
    4206186,
    4206090,
    4206051,
    4205997,
    4205397,
    4205897,
    4204169,
    4204213,
    4204283,
    4204292,
    4204310,
    4204333,
    4204342,
    4204366,
    4204422,
    4204475,
    4204571,
    4204577,
    4204595,
    4204808,
    4204843,
    4204855,
    4204866,
    4204871,
    4204876,
    4204881,
    4204915,
    4204936,
    4204973,
    4205009,
    4205076,
    4205252,
    4205309,
    4205819,
    4205839,
    4205862,
    4206113,
    4206134,
    4204717,
    4205829,
    4205808,
    4204442,
    4204758,
    4204956,
    4204405,
    4204256,
    4205150,
    4204512,
    4204849,
    4204402,
    4204329,
    4204355,
    4204271,
    4204299,
    4204408,
    4204226,
    4204234,
    4204928,
    4204209,
    4206051,
    4205252,
    4205897,
    4206186,
    4206090,
    4205997,
    4205397,
    4206186,
    4206090,
    4206051,
    4205997,
    4205397,
    4205897,
    4205252,
    4204283,
    4204292,
    4204310,
    4204333,
    4204342,
    4204366,
    4204422,
    4204475,
    4204571,
    4204577,
    4204595,
    4204808,
    4204843,
    4204855,
    4204866,
    4204871,
    4204876,
    4204881,
    4204915,
    4204936,
    4204973,
    4205009,
    4205076,
    4205309,
    4205819,
    4205839,
    4205862,
    4206113,
    4206134,
    4204717,
    4205829,
    4205808,
    4204442,
    4204758,
    4204956,
    4204256,
    4204405,
    4204258,
    4205150,
    4204512,
    4204849,
    4204402,
    4204329,
    4204355,
    4204271,
    4204299,
    4204408,
    4204226,
    4204234,
    4204928,
    4206051,
    4205897,
    4206186,
    4206090,
    4205997,
    4205397,
    4206186,
    4206090,
    4206051,
    4205997,
    4205397,
    4205897,
    4205309,
    4205819,
    4205839,
    4205862,
    4206113,
    4206134,
    4205829,
    4205808,
    4200865,
    4202274,
    4202759,
    4200487,
    4201898,
    4200685,
    4202232,
    4202489,
    4201403,
    4203070,
    4201403,
    4201898,
    4202759,
    4202232,
    4202751,
    4202489,
    4200487,
    4200685,
    4200375,
    4200398,
    4200406,
    4200418,
    4200446,
    4200455,
    4200461,
    4200468,
    4200479,
    4200499,
    4200508,
    4200530,
    4200543,
    4200553,
    4200558,
    4200604,
    4200618,
    4200786,
    4200825,
    4200865,
    4200906,
    4200922,
    4201012,
    4201065,
    4201125,
    4201181,
    4201202,
    4201208,
    4201256,
    4201332,
    4201360,
    4201414,
    4201423,
    4201682,
    4201727,
    4201736,
    4201757,
    4201832,
    4201892,
    4202004,
    4202047,
    4202058,
    4202090,
    4202103,
    4202112,
    4202137,
    4202274,
    4202307,
    4202321,
    4202340,
    4202362,
    4202413,
    4202440,
    4202549,
    4202555,
    4202631,
    4202651,
    4202653,
    4202688,
    4202698,
    4202715,
    4203070,
    4203159,
    4203182,
    4203198,
    4203211,
    4203220,
    4203245,
    4203361,
    4203375,
    4203631,
    4202225,
    4202751,
    4202321,
    4201815,
    4200761,
    4203204,
    4200892,
    4203095,
    4202328,
    4200915,
    4202279,
    4200207,
    4200877,
    4200596,
    4200521,
    4201563,
    4200345,
    4200400,
    4200395,
    4201750,
    4200366,
    4202685,
    4202096,
    4202403,
    4202695,
    4201385,
    4201870,
    4201338,
    4201345,
    4202228,
    4202690,
    4202218,
    4202680,
    4202163,
    4200792,
    4201975,
    4207121,
    4207178,
    4207178,
    4207121,
    4206316,
    4206333,
    4206339
]