[
    [
        "__printf_chk",
        4199904,
        0,
        1
    ],
    [
        "__printf_chk",
        4199904,
        0,
        1
    ],
    [
        "emit_bug_reporting_address",
        4216889,
        0,
        1
    ],
    [
        "emit_bug_reporting_address",
        4216841,
        0,
        1
    ],
    [
        "emit_bug_reporting_address",
        4216934,
        0,
        1
    ],
    [
        "emit_bug_reporting_address",
        4216934,
        0,
        1
    ],
    [
        "emit_bug_reporting_address",
        4216889,
        0,
        1
    ],
    [
        "emit_bug_reporting_address",
        4216841,
        0,
        1
    ],
    [
        "io_error",
        4206051,
        0,
        1
    ],
    [
        "io_error",
        4205897,
        0,
        1
    ],
    [
        "io_error",
        4206186,
        0,
        1
    ],
    [
        "io_error",
        4206090,
        0,
        1
    ],
    [
        "io_error",
        4205997,
        0,
        1
    ],
    [
        "io_error",
        4205397,
        0,
        1
    ],
    [
        "io_error",
        4206186,
        0,
        1
    ],
    [
        "io_error",
        4206090,
        0,
        1
    ],
    [
        "io_error",
        4206051,
        0,
        1
    ],
    [
        "io_error",
        4205997,
        0,
        1
    ],
    [
        "io_error",
        4205397,
        0,
        1
    ],
    [
        "io_error",
        4205897,
        0,
        1
    ],
    [
        "io_error",
        4204169,
        0,
        1
    ],
    [
        "io_error",
        4204213,
        0,
        1
    ],
    [
        "io_error",
        4204283,
        0,
        1
    ],
    [
        "io_error",
        4204292,
        0,
        1
    ],
    [
        "io_error",
        4204310,
        0,
        1
    ],
    [
        "io_error",
        4204333,
        0,
        1
    ],
    [
        "io_error",
        4204342,
        0,
        1
    ],
    [
        "io_error",
        4204366,
        0,
        1
    ],
    [
        "io_error",
        4204422,
        0,
        1
    ],
    [
        "io_error",
        4204475,
        0,
        1
    ],
    [
        "io_error",
        4204571,
        0,
        1
    ],
    [
        "io_error",
        4204577,
        0,
        1
    ],
    [
        "io_error",
        4204595,
        0,
        1
    ],
    [
        "io_error",
        4204808,
        0,
        1
    ],
    [
        "io_error",
        4204843,
        0,
        1
    ],
    [
        "io_error",
        4204855,
        0,
        1
    ],
    [
        "io_error",
        4204866,
        0,
        1
    ],
    [
        "io_error",
        4204871,
        0,
        1
    ],
    [
        "io_error",
        4204876,
        0,
        1
    ],
    [
        "io_error",
        4204881,
        0,
        1
    ],
    [
        "io_error",
        4204915,
        0,
        1
    ],
    [
        "io_error",
        4204936,
        0,
        1
    ],
    [
        "io_error",
        4204973,
        0,
        1
    ],
    [
        "io_error",
        4205009,
        0,
        1
    ],
    [
        "io_error",
        4205076,
        0,
        1
    ],
    [
        "io_error",
        4205252,
        0,
        1
    ],
    [
        "io_error",
        4205309,
        0,
        1
    ],
    [
        "io_error",
        4205819,
        0,
        1
    ],
    [
        "io_error",
        4205839,
        0,
        1
    ],
    [
        "io_error",
        4205862,
        0,
        1
    ],
    [
        "io_error",
        4206113,
        0,
        1
    ],
    [
        "io_error",
        4206134,
        0,
        1
    ],
    [
        "io_error",
        4204717,
        0,
        1
    ],
    [
        "io_error",
        4205829,
        0,
        1
    ],
    [
        "io_error",
        4205808,
        0,
        1
    ],
    [
        "io_error",
        4204442,
        0,
        1
    ],
    [
        "io_error",
        4204758,
        0,
        1
    ],
    [
        "io_error",
        4204956,
        0,
        1
    ],
    [
        "io_error",
        4204405,
        0,
        1
    ],
    [
        "io_error",
        4204256,
        0,
        1
    ],
    [
        "io_error",
        4205150,
        0,
        1
    ],
    [
        "io_error",
        4204512,
        0,
        1
    ],
    [
        "io_error",
        4204849,
        0,
        1
    ],
    [
        "io_error",
        4204402,
        0,
        1
    ],
    [
        "io_error",
        4204329,
        0,
        1
    ],
    [
        "io_error",
        4204355,
        0,
        1
    ],
    [
        "io_error",
        4204271,
        0,
        1
    ],
    [
        "io_error",
        4204299,
        0,
        1
    ],
    [
        "io_error",
        4204408,
        0,
        1
    ],
    [
        "io_error",
        4204226,
        0,
        1
    ],
    [
        "io_error",
        4204234,
        0,
        1
    ],
    [
        "io_error",
        4204928,
        0,
        1
    ],
    [
        "io_error",
        4204209,
        0,
        1
    ],
    [
        "seq_fast",
        4206051,
        0,
        1
    ],
    [
        "seq_fast",
        4205252,
        0,
        1
    ],
    [
        "seq_fast",
        4205897,
        0,
        1
    ],
    [
        "seq_fast",
        4206186,
        0,
        1
    ],
    [
        "seq_fast",
        4206090,
        0,
        1
    ],
    [
        "seq_fast",
        4205997,
        0,
        1
    ],
    [
        "seq_fast",
        4205397,
        0,
        1
    ],
    [
        "seq_fast",
        4206186,
        0,
        1
    ],
    [
        "seq_fast",
        4206090,
        0,
        1
    ],
    [
        "seq_fast",
        4206051,
        0,
        1
    ],
    [
        "seq_fast",
        4205997,
        0,
        1
    ],
    [
        "seq_fast",
        4205397,
        0,
        1
    ],
    [
        "seq_fast",
        4205897,
        0,
        1
    ],
    [
        "seq_fast",
        4205252,
        0,
        1
    ],
    [
        "seq_fast",
        4204283,
        0,
        1
    ],
    [
        "seq_fast",
        4204292,
        0,
        1
    ],
    [
        "seq_fast",
        4204310,
        0,
        1
    ],
    [
        "seq_fast",
        4204333,
        0,
        1
    ],
    [
        "seq_fast",
        4204342,
        0,
        1
    ],
    [
        "seq_fast",
        4204366,
        0,
        1
    ],
    [
        "seq_fast",
        4204422,
        0,
        1
    ],
    [
        "seq_fast",
        4204475,
        0,
        1
    ],
    [
        "seq_fast",
        4204571,
        0,
        1
    ],
    [
        "seq_fast",
        4204577,
        0,
        1
    ],
    [
        "seq_fast",
        4204595,
        0,
        1
    ],
    [
        "seq_fast",
        4204808,
        0,
        1
    ],
    [
        "seq_fast",
        4204843,
        0,
        1
    ],
    [
        "seq_fast",
        4204855,
        0,
        1
    ],
    [
        "seq_fast",
        4204866,
        0,
        1
    ],
    [
        "seq_fast",
        4204871,
        0,
        1
    ],
    [
        "seq_fast",
        4204876,
        0,
        1
    ],
    [
        "seq_fast",
        4204881,
        0,
        1
    ],
    [
        "seq_fast",
        4204915,
        0,
        1
    ],
    [
        "seq_fast",
        4204936,
        0,
        1
    ],
    [
        "seq_fast",
        4204973,
        0,
        1
    ],
    [
        "seq_fast",
        4205009,
        0,
        1
    ],
    [
        "seq_fast",
        4205076,
        0,
        1
    ],
    [
        "seq_fast",
        4205309,
        0,
        1
    ],
    [
        "seq_fast",
        4205819,
        0,
        1
    ],
    [
        "seq_fast",
        4205839,
        0,
        1
    ],
    [
        "seq_fast",
        4205862,
        0,
        1
    ],
    [
        "seq_fast",
        4206113,
        0,
        1
    ],
    [
        "seq_fast",
        4206134,
        0,
        1
    ],
    [
        "seq_fast",
        4204717,
        0,
        1
    ],
    [
        "seq_fast",
        4205829,
        0,
        1
    ],
    [
        "seq_fast",
        4205808,
        0,
        1
    ],
    [
        "seq_fast",
        4204442,
        0,
        1
    ],
    [
        "seq_fast",
        4204758,
        0,
        1
    ],
    [
        "seq_fast",
        4204956,
        0,
        1
    ],
    [
        "seq_fast",
        4204256,
        0,
        1
    ],
    [
        "seq_fast",
        4204405,
        0,
        1
    ],
    [
        "seq_fast",
        4204258,
        0,
        1
    ],
    [
        "seq_fast",
        4205150,
        0,
        1
    ],
    [
        "seq_fast",
        4204512,
        0,
        1
    ],
    [
        "seq_fast",
        4204849,
        0,
        1
    ],
    [
        "seq_fast",
        4204402,
        0,
        1
    ],
    [
        "seq_fast",
        4204329,
        0,
        1
    ],
    [
        "seq_fast",
        4204355,
        0,
        1
    ],
    [
        "seq_fast",
        4204271,
        0,
        1
    ],
    [
        "seq_fast",
        4204299,
        0,
        1
    ],
    [
        "seq_fast",
        4204408,
        0,
        1
    ],
    [
        "seq_fast",
        4204226,
        0,
        1
    ],
    [
        "seq_fast",
        4204234,
        0,
        1
    ],
    [
        "seq_fast",
        4204928,
        0,
        1
    ],
    [
        "usage",
        4206051,
        0,
        1
    ],
    [
        "usage",
        4205897,
        0,
        1
    ],
    [
        "usage",
        4206186,
        0,
        1
    ],
    [
        "usage",
        4206090,
        0,
        1
    ],
    [
        "usage",
        4205997,
        0,
        1
    ],
    [
        "usage",
        4205397,
        0,
        1
    ],
    [
        "usage",
        4206186,
        0,
        1
    ],
    [
        "usage",
        4206090,
        0,
        1
    ],
    [
        "usage",
        4206051,
        0,
        1
    ],
    [
        "usage",
        4205997,
        0,
        1
    ],
    [
        "usage",
        4205397,
        0,
        1
    ],
    [
        "usage",
        4205897,
        0,
        1
    ],
    [
        "usage",
        4205309,
        0,
        1
    ],
    [
        "usage",
        4205819,
        0,
        1
    ],
    [
        "usage",
        4205839,
        0,
        1
    ],
    [
        "usage",
        4205862,
        0,
        1
    ],
    [
        "usage",
        4206113,
        0,
        1
    ],
    [
        "usage",
        4206134,
        0,
        1
    ],
    [
        "usage",
        4205829,
        0,
        1
    ],
    [
        "usage",
        4205808,
        0,
        1
    ],
    [
        "main",
        4200865,
        0,
        1
    ],
    [
        "main",
        4202274,
        0,
        1
    ],
    [
        "main",
        4202759,
        0,
        1
    ],
    [
        "main",
        4200487,
        0,
        1
    ],
    [
        "main",
        4201898,
        0,
        1
    ],
    [
        "main",
        4200685,
        0,
        1
    ],
    [
        "main",
        4202232,
        0,
        1
    ],
    [
        "main",
        4202489,
        0,
        1
    ],
    [
        "main",
        4201403,
        0,
        1
    ],
    [
        "main",
        4203070,
        0,
        1
    ],
    [
        "main",
        4201403,
        0,
        1
    ],
    [
        "main",
        4201898,
        0,
        1
    ],
    [
        "main",
        4202759,
        0,
        1
    ],
    [
        "main",
        4202232,
        0,
        1
    ],
    [
        "main",
        4202751,
        0,
        1
    ],
    [
        "main",
        4202489,
        0,
        1
    ],
    [
        "main",
        4200487,
        0,
        1
    ],
    [
        "main",
        4200685,
        0,
        1
    ],
    [
        "main",
        4200375,
        0,
        1
    ],
    [
        "main",
        4200398,
        0,
        1
    ],
    [
        "main",
        4200406,
        0,
        1
    ],
    [
        "main",
        4200418,
        0,
        1
    ],
    [
        "main",
        4200446,
        0,
        1
    ],
    [
        "main",
        4200455,
        0,
        1
    ],
    [
        "main",
        4200461,
        0,
        1
    ],
    [
        "main",
        4200468,
        0,
        1
    ],
    [
        "main",
        4200479,
        0,
        1
    ],
    [
        "main",
        4200499,
        0,
        1
    ],
    [
        "main",
        4200508,
        0,
        1
    ],
    [
        "main",
        4200530,
        0,
        1
    ],
    [
        "main",
        4200543,
        0,
        1
    ],
    [
        "main",
        4200553,
        0,
        1
    ],
    [
        "main",
        4200558,
        0,
        1
    ],
    [
        "main",
        4200604,
        0,
        1
    ],
    [
        "main",
        4200618,
        0,
        1
    ],
    [
        "main",
        4200786,
        0,
        1
    ],
    [
        "main",
        4200825,
        0,
        1
    ],
    [
        "main",
        4200865,
        0,
        1
    ],
    [
        "main",
        4200906,
        0,
        1
    ],
    [
        "main",
        4200922,
        0,
        1
    ],
    [
        "main",
        4201012,
        0,
        1
    ],
    [
        "main",
        4201065,
        0,
        1
    ],
    [
        "main",
        4201125,
        0,
        1
    ],
    [
        "main",
        4201181,
        0,
        1
    ],
    [
        "main",
        4201202,
        0,
        1
    ],
    [
        "main",
        4201208,
        0,
        1
    ],
    [
        "main",
        4201256,
        0,
        1
    ],
    [
        "main",
        4201332,
        0,
        1
    ],
    [
        "main",
        4201360,
        0,
        1
    ],
    [
        "main",
        4201414,
        0,
        1
    ],
    [
        "main",
        4201423,
        0,
        1
    ],
    [
        "main",
        4201682,
        0,
        1
    ],
    [
        "main",
        4201727,
        0,
        1
    ],
    [
        "main",
        4201736,
        0,
        1
    ],
    [
        "main",
        4201757,
        0,
        1
    ],
    [
        "main",
        4201832,
        0,
        1
    ],
    [
        "main",
        4201892,
        0,
        1
    ],
    [
        "main",
        4202004,
        0,
        1
    ],
    [
        "main",
        4202047,
        0,
        1
    ],
    [
        "main",
        4202058,
        0,
        1
    ],
    [
        "main",
        4202090,
        0,
        1
    ],
    [
        "main",
        4202103,
        0,
        1
    ],
    [
        "main",
        4202112,
        0,
        1
    ],
    [
        "main",
        4202137,
        0,
        1
    ],
    [
        "main",
        4202274,
        0,
        1
    ],
    [
        "main",
        4202307,
        0,
        1
    ],
    [
        "main",
        4202321,
        0,
        1
    ],
    [
        "main",
        4202340,
        0,
        1
    ],
    [
        "main",
        4202362,
        0,
        1
    ],
    [
        "main",
        4202413,
        0,
        1
    ],
    [
        "main",
        4202440,
        0,
        1
    ],
    [
        "main",
        4202549,
        0,
        1
    ],
    [
        "main",
        4202555,
        0,
        1
    ],
    [
        "main",
        4202631,
        0,
        1
    ],
    [
        "main",
        4202651,
        0,
        1
    ],
    [
        "main",
        4202653,
        0,
        1
    ],
    [
        "main",
        4202688,
        0,
        1
    ],
    [
        "main",
        4202698,
        0,
        1
    ],
    [
        "main",
        4202715,
        0,
        1
    ],
    [
        "main",
        4203070,
        0,
        1
    ],
    [
        "main",
        4203159,
        0,
        1
    ],
    [
        "main",
        4203182,
        0,
        1
    ],
    [
        "main",
        4203198,
        0,
        1
    ],
    [
        "main",
        4203211,
        0,
        1
    ],
    [
        "main",
        4203220,
        0,
        1
    ],
    [
        "main",
        4203245,
        0,
        1
    ],
    [
        "main",
        4203361,
        0,
        1
    ],
    [
        "main",
        4203375,
        0,
        1
    ],
    [
        "main",
        4203631,
        0,
        1
    ],
    [
        "main",
        4202225,
        0,
        1
    ],
    [
        "main",
        4202751,
        0,
        1
    ],
    [
        "main",
        4202321,
        0,
        1
    ],
    [
        "main",
        4201815,
        0,
        1
    ],
    [
        "main",
        4200761,
        0,
        1
    ],
    [
        "main",
        4203204,
        0,
        1
    ],
    [
        "main",
        4200892,
        0,
        1
    ],
    [
        "main",
        4203095,
        0,
        1
    ],
    [
        "main",
        4202328,
        0,
        1
    ],
    [
        "main",
        4200915,
        0,
        1
    ],
    [
        "main",
        4202279,
        0,
        1
    ],
    [
        "main",
        4200207,
        0,
        1
    ],
    [
        "main",
        4200877,
        0,
        1
    ],
    [
        "main",
        4200596,
        0,
        1
    ],
    [
        "main",
        4200521,
        0,
        1
    ],
    [
        "main",
        4201563,
        0,
        1
    ],
    [
        "main",
        4200345,
        0,
        1
    ],
    [
        "main",
        4200400,
        0,
        1
    ],
    [
        "main",
        4200395,
        0,
        1
    ],
    [
        "main",
        4201750,
        0,
        1
    ],
    [
        "main",
        4200366,
        0,
        1
    ],
    [
        "main",
        4202685,
        0,
        1
    ],
    [
        "main",
        4202096,
        0,
        1
    ],
    [
        "main",
        4202403,
        0,
        1
    ],
    [
        "main",
        4202695,
        0,
        1
    ],
    [
        "main",
        4201385,
        0,
        1
    ],
    [
        "main",
        4201870,
        0,
        1
    ],
    [
        "main",
        4201338,
        0,
        1
    ],
    [
        "main",
        4201345,
        0,
        1
    ],
    [
        "main",
        4202228,
        0,
        1
    ],
    [
        "main",
        4202690,
        0,
        1
    ],
    [
        "main",
        4202218,
        0,
        1
    ],
    [
        "main",
        4202680,
        0,
        1
    ],
    [
        "main",
        4202163,
        0,
        1
    ],
    [
        "main",
        4200792,
        0,
        1
    ],
    [
        "main",
        4201975,
        0,
        1
    ],
    [
        "scan_arg",
        4207121,
        0,
        1
    ],
    [
        "scan_arg",
        4207178,
        0,
        1
    ],
    [
        "scan_arg",
        4207178,
        0,
        1
    ],
    [
        "scan_arg",
        4207121,
        0,
        1
    ],
    [
        "scan_arg",
        4206316,
        0,
        1
    ],
    [
        "scan_arg",
        4206333,
        0,
        1
    ],
    [
        "scan_arg",
        4206339,
        0,
        1
    ]
]