[
    4237664,
    4213952,
    4213952,
    4235499,
    4235499,
    4235556,
    4235556,
    4235570,
    4235578,
    4235594,
    4235670,
    4235682,
    4235695,
    4235722,
    4235768,
    4235728,
    4235724,
    4235543,
    4235664,
    4235552,
    4235688,
    4235564,
    4236407,
    4236407,
    4236330,
    4236254,
    4236286,
    4236295,
    4236319,
    4236346,
    4236378,
    4236380,
    4236395,
    4236419,
    4236380,
    4236449,
    4236233,
    4236279,
    4236342,
    4236250,
    4236348,
    4236512,
    4236321,
    4236442,
    4236312,
    4236338,
    4236288,
    4236421,
    4236412,
    4237356,
    4237356,
    4237178,
    4237178,
    4237189,
    4237206,
    4237218,
    4237240,
    4237240,
    4237243,
    4237174,
    4239425,
    4239449,
    4238884,
    4239449,
    4238884,
    4238892,
    4238951,
    4238973,
    4238996,
    4239011,
    4239024,
    4239108,
    4239147,
    4239178,
    4239221,
    4239249,
    4239317,
    4239425,
    4239432,
    4239457,
    4239272,
    4239043,
    4239417,
    4239088,
    4238966,
    4238944,
    4239287,
    4239006,
    4238881,
    4239170,
    4239227,
    4239282,
    4239052,
    4239061,
    4239038,
    4239056,
    4239017,
    4239443,
    4239635,
    4239869,
    4239903,
    4239635,
    4239646,
    4239661,
    4239756,
    4239826,
    4239841,
    4239843,
    4239869,
    4239876,
    4239889,
    4239704,
    4239843,
    4239861,
    4239696,
    4239657,
    4239832,
    4239837,
    4239652,
    4238691,
    4238764,
    4238481,
    4238674,
    4238621,
    4238653,
    4238674,
    4238653,
    4238621,
    4238481,
    4238489,
    4238502,
    4238528,
    4238631,
    4238782,
    4238800,
    4238791,
    4238495,
    4238440,
    4238773,
    4238769,
    4238521,
    4237890,
    4238014,
    4237975,
    4237833,
    4237870,
    4237890,
    4237906,
    4237928,
    4237947,
    4237895,
    4237952,
    4237900,
    4237988,
    4237887,
    4237827,
    4237779,
    4237970,
    4237921,
    4237961,
    4237774,
    4215537,
    4215597,
    4215582,
    4215741,
    4215582,
    4215537,
    4215460,
    4215477,
    4215518,
    4215545,
    4215553,
    4215571,
    4215590,
    4215639,
    4215657,
    4215678,
    4215709,
    4215741,
    4215753,
    4215781,
    4215454,
    4215531,
    4215576,
    4215817,
    4215497,
    4215698,
    4215772,
    4227402,
    4227619,
    4227452,
    4227582,
    4227402,
    4227452,
    4227370,
    4227386,
    4227410,
    4227468,
    4227473,
    4227490,
    4227544,
    4227562,
    4227582,
    4227590,
    4227372,
    4227364,
    4227572,
    4227556,
    4227392,
    4227457,
    4213803,
    4213820,
    4213783,
    4213820,
    4213783,
    4213791,
    4213803,
    4213815,
    4213808,
    4213793,
    4213769,
    4213730,
    4213707,
    4213687,
    4213730,
    4213687,
    4213695,
    4213707,
    4213719,
    4213697,
    4213673,
    4239531,
    4239531,
    4240112,
    4240112,
    4229136,
    4229119,
    4229119,
    4229021,
    4229103,
    4243688,
    4243733,
    4243688,
    4243658,
    4243700,
    4213552,
    4213596,
    4213552,
    4213522,
    4213564,
    4228008,
    4228008,
    4227978,
    4213241,
    4213371,
    4213371,
    4213241,
    4213225,
    4213230,
    4213249,
    4213254,
    4213300,
    4213235,
    4213294,
    4213219,
    4216366,
    4216335,
    4216145,
    4216594,
    4216283,
    4216155,
    4216283,
    4216335,
    4215903,
    4215921,
    4216019,
    4216043,
    4216063,
    4216084,
    4216145,
    4216195,
    4216202,
    4216326,
    4216343,
    4216386,
    4216425,
    4216439,
    4216445,
    4216594,
    4216332,
    4216197,
    4215900,
    4216317,
    4215887,
    4216447,
    4216430,
    4216292,
    4216120,
    4216588,
    4204928,
    4208772,
    4208519,
    4207112,
    4205578,
    4209038,
    4207124,
    4204822,
    4208632,
    4208026,
    4205861,
    4207141,
    4209317,
    4206770,
    4208434,
    4208309,
    4209205,
    4205760,
    4204866,
    4206020,
    4207814,
    4207052,
    4207952,
    4208723,
    4205140,
    4208595,
    4209491,
    4206167,
    4205533,
    4205026,
    4209125,
    4206060,
    4205680,
    4204273,
    4205297,
    4206963,
    4207352,
    4204537,
    4209019,
    4206060,
    4208723,
    4207352,
    4209125,
    4209019,
    4205578,
    4204928,
    4204273,
    4204347,
    4204358,
    4204363,
    4204375,
    4204384,
    4204537,
    4204544,
    4204783,
    4204822,
    4204843,
    4204866,
    4205006,
    4205026,
    4205140,
    4205297,
    4205352,
    4205365,
    4205374,
    4205420,
    4205430,
    4205447,
    4205477,
    4205486,
    4205514,
    4205533,
    4205541,
    4205572,
    4205593,
    4205680,
    4205691,
    4205703,
    4205717,
    4205727,
    4205736,
    4205746,
    4205760,
    4205807,
    4205861,
    4205908,
    4205917,
    4205995,
    4206020,
    4206067,
    4206072,
    4206094,
    4206109,
    4206121,
    4206136,
    4206145,
    4206167,
    4206178,
    4206202,
    4206217,
    4206231,
    4206260,
    4206280,
    4206328,
    4206344,
    4206346,
    4206355,
    4206368,
    4206381,
    4206461,
    4206687,
    4206696,
    4206701,
    4206741,
    4206754,
    4206770,
    4206791,
    4206803,
    4206891,
    4206963,
    4207025,
    4207034,
    4207052,
    4207112,
    4207124,
    4207139,
    4207141,
    4207152,
    4207164,
    4207175,
    4207188,
    4207249,
    4207293,
    4207302,
    4207322,
    4207333,
    4207359,
    4207365,
    4207374,
    4207383,
    4207398,
    4207416,
    4207545,
    4207792,
    4207814,
    4207952,
    4208026,
    4208184,
    4208309,
    4208434,
    4208495,
    4208519,
    4208595,
    4208603,
    4208632,
    4208681,
    4208699,
    4208755,
    4208772,
    4208891,
    4208914,
    4208931,
    4208974,
    4209034,
    4209038,
    4209055,
    4209066,
    4209077,
    4209100,
    4209132,
    4209155,
    4209205,
    4209317,
    4209491,
    4204303,
    4204843,
    4205566,
    4206280,
    4206188,
    4205742,
    4205733,
    4205723,
    4205714,
    4205697,
    4205464,
    4205413,
    4205358,
    4205903,
    4205422,
    4205316,
    4205031,
    4208687,
    4209048,
    4209043,
    4207304,
    4207324,
    4207286,
    4207295,
    4206105,
    4206115,
    4206132,
    4208609,
    4209072,
    4206017,
    4204377,
    4206162,
    4207949,
    4208592,
    4205685,
    4206030,
    4204514,
    4207786,
    4207015,
    4204270,
    4205119,
    4208315,
    4208056,
    4207161,
    4207146,
    4206743,
    4206864,
    4207446,
    4208095,
    4206719,
    4206689,
    4208243,
    4206296,
    4206334,
    4206289,
    4206253,
    4207538,
    4206223,
    4205470,
    4207129,
    4208706,
    4207335,
    4209102,
    4205516,
    4232512,
    4232770,
    4232739,
    4232836,
    4232135,
    4232492,
    4232749,
    4232561,
    4232181,
    4232278,
    4232759,
    4232561,
    4232064,
    4231956,
    4231976,
    4231986,
    4232019,
    4232103,
    4232135,
    4232146,
    4232163,
    4232181,
    4232194,
    4232234,
    4232278,
    4232289,
    4232391,
    4232408,
    4232419,
    4232431,
    4232446,
    4232460,
    4232475,
    4232481,
    4232492,
    4232512,
    4232524,
    4232568,
    4232585,
    4232739,
    4232787,
    4232836,
    4232056,
    4232637,
    4231962,
    4231964,
    4232517,
    4232152,
    4232440,
    4232401,
    4232610,
    4232013,
    4232483,
    4232005,
    4232283,
    4232574,
    4230752,
    4230337,
    4231265,
    4231520,
    4230885,
    4230022,
    4229578,
    4231694,
    4231663,
    4231823,
    4231154,
    4231833,
    4230454,
    4230742,
    4231414,
    4231545,
    4231386,
    4231326,
    4230885,
    4230337,
    4231386,
    4229236,
    4229253,
    4229315,
    4229400,
    4229481,
    4229504,
    4229532,
    4229542,
    4229548,
    4229578,
    4229589,
    4229598,
    4229612,
    4229659,
    4229786,
    4229797,
    4229826,
    4229843,
    4229860,
    4229910,
    4229925,
    4229944,
    4230022,
    4230029,
    4230204,
    4230215,
    4230348,
    4230362,
    4230374,
    4230454,
    4230471,
    4230482,
    4230498,
    4230531,
    4230551,
    4230576,
    4230584,
    4230752,
    4230874,
    4230896,
    4230902,
    4230911,
    4230923,
    4230934,
    4231033,
    4231082,
    4231093,
    4231104,
    4231109,
    4231116,
    4231127,
    4231137,
    4231154,
    4231191,
    4231213,
    4231234,
    4231243,
    4231265,
    4231326,
    4231414,
    4231421,
    4231520,
    4231545,
    4231663,
    4231694,
    4231753,
    4231787,
    4231797,
    4231807,
    4231833,
    4229792,
    4229186,
    4229288,
    4229575,
    4229544,
    4229538,
    4230200,
    4230477,
    4230866,
    4229204,
    4230537,
    4229756,
    4229633,
    4229645,
    4229510,
    4229715,
    4229370,
    4229637,
    4230825,
    4231339,
    4229583,
    4231159,
    4230459,
    4231122,
    4231076,
    4231099,
    4230077,
    4229819,
    4229497,
    4229903,
    4229849,
    4231748,
    4230464,
    4231143,
    4231311,
    4231208,
    4231703,
    4230940,
    4231803,
    4230541,
    4231537,
    4230571,
    4228895,
    4228879,
    4228832,
    4228850,
    4228890,
    4228860,
    4228844,
    4243810,
    4243793,
    4243798,
    4243892,
    4243807,
    4243795,
    4243786,
    4243886,
    4235926,
    4235960,
    4235973,
    4236032,
    4236072,
    4236077,
    4236103,
    4236126,
    4236131,
    4236141,
    4236168,
    4236173,
    4236146,
    4236175,
    4235941,
    4235979,
    4236179,
    4235920,
    4235966,
    4234881,
    4234770,
    4234008,
    4234654,
    4233886,
    4234146,
    4234917,
    4233383,
    4234794,
    4234291,
    4233799,
    4234312,
    4233681,
    4233563,
    4234469,
    4233834,
    4233451,
    4234606,
    4234482,
    4234469,
    4233563,
    4233834,
    4234008,
    4234606,
    4234312,
    4234146,
    4233294,
    4233309,
    4233336,
    4233352,
    4233362,
    4233394,
    4233410,
    4233427,
    4233438,
    4233461,
    4233496,
    4233509,
    4233517,
    4233532,
    4233540,
    4233607,
    4233617,
    4233626,
    4233637,
    4233650,
    4233659,
    4233681,
    4233688,
    4233720,
    4233729,
    4233755,
    4233772,
    4233797,
    4233799,
    4233858,
    4233875,
    4233884,
    4233886,
    4234019,
    4234028,
    4234093,
    4234107,
    4234113,
    4234201,
    4234215,
    4234236,
    4234291,
    4234324,
    4234383,
    4234425,
    4234536,
    4234571,
    4234617,
    4234627,
    4234654,
    4234705,
    4234770,
    4234777,
    4234794,
    4234847,
    4234865,
    4234881,
    4234917,
    4234929,
    4234740,
    4233555,
    4234093,
    4234383,
    4233534,
    4233526,
    4234558,
    4233502,
    4233491,
    4233419,
    4233342,
    4233315,
    4233300,
    4233288,
    4233376,
    4234099,
    4233444,
    4233303,
    4234633,
    4233429,
    4234326,
    4233713,
    4234611,
    4233643,
    4233632,
    4234309,
    4234594,
    4234938,
    4234013,
    4233400,
    4233748,
    4234498,
    4233868,
    4233864,
    4233790,
    4234387,
    4234858,
    4213432,
    4213463,
    4213463,
    4213432,
    4213409,
    4213425,
    4213482,
    4213419,
    4213440,
    4319978,
    4319978,
    4235280,
    4235225,
    4235258,
    4235159,
    4235280,
    4235225,
    4235101,
    4235120,
    4235136,
    4235148,
    4235157,
    4235159,
    4235198,
    4235208,
    4235217,
    4235258,
    4235268,
    4235219,
    4235274,
    4235205,
    4235192,
    4235126,
    4235116,
    4235076,
    4235222,
    4235277,
    4235083,
    4235150,
    4227149,
    4227065,
    4227113,
    4227131,
    4227162,
    4227059,
    4321761,
    4321858,
    4321864,
    4321889,
    4321896,
    4321904,
    4321913,
    4321936,
    4321977,
    4321995,
    4322005,
    4322031,
    4322040,
    4322059,
    4322079,
    4322099,
    4322127,
    4322201,
    4322257,
    4322402,
    4322546,
    4322586,
    4322622,
    4322654,
    4321946,
    4321891,
    4321792,
    4321906,
    4321997,
    4321853,
    4321778,
    4321879,
    4321883,
    4322249,
    4322335,
    4322129,
    4254915,
    4254980,
    4254869,
    4254886,
    4254905,
    4254915,
    4254980,
    4255013,
    4255019,
    4254999,
    4254965,
    4254840,
    4254874,
    4254818,
    4254942,
    4254834,
    4254953,
    4254858,
    4254946,
    4254614,
    4254825,
    4247141,
    4248647,
    4246500,
    4246575,
    4247150,
    4247167,
    4247185,
    4247204,
    4247953,
    4247990,
    4248584,
    4248600,
    4248637,
    4248647,
    4248660,
    4249022,
    4247214,
    4247185,
    4247190,
    4248611,
    4247947,
    4249016,
    4243106,
    4243106,
    4242966,
    4243019,
    4243282,
    4243306,
    4243103,
    4243300,
    4243276,
    4242940,
    4256142,
    4256142,
    4256015,
    4256015,
    4257007,
    4257007,
    4257038,
    4257038,
    4255987,
    4255987,
    4256692,
    4256692,
    4256853,
    4256853,
    4256850,
    4256983,
    4256983,
    4257075,
    4257075,
    4256474,
    4256474,
    4256471,
    4256397,
    4255959,
    4255959,
    4256282,
    4256282,
    4256211,
    4255934,
    4255934,
    4226977,
    4226799,
    4226822,
    4226843,
    4226859,
    4226861,
    4226878,
    4226977,
    4226903,
    4226990,
    4226867,
    4226780,
    4226795,
    4249416,
    4249416,
    4249423,
    4249440,
    4249448,
    4249482,
    4249434,
    4212722,
    4212742,
    4212751,
    4212772,
    4212716,
    4211972,
    4211990,
    4211990,
    4211972,
    4256327,
    4256327,
    4225483,
    4256930,
    4256930,
    4256958,
    4256958,
    4256903,
    4256903,
    4212243,
    4212166,
    4212166,
    4212243,
    4212147,
    4212220,
    4212238,
    4212139,
    4210068,
    4210228,
    4210228,
    4209997,
    4210068,
    4210076,
    4210103,
    4210093,
    4210090,
    4210096,
    4210054,
    4210061,
    4210031,
    4256523,
    4256523,
    4256540,
    4256540,
    4256565,
    4256565,
    4256346,
    4256346,
    4212473,
    4212487,
    4212473,
    4212487,
    4212427,
    4306304,
    4305409,
    4302597,
    4305417,
    4303251,
    4304050,
    4306754,
    4302019,
    4302914,
    4303815,
    4307540,
    4302423,
    4303072,
    4307553,
    4303712,
    4302316,
    4305649,
    4303346,
    4305013,
    4306296,
    4302073,
    4306555,
    4306754,
    4307553,
    4301974,
    4302019,
    4302041,
    4302073,
    4302088,
    4302099,
    4302215,
    4302228,
    4302236,
    4302245,
    4302294,
    4302316,
    4302338,
    4302358,
    4302380,
    4302423,
    4302440,
    4302453,
    4302559,
    4302572,
    4302597,
    4302651,
    4302660,
    4302708,
    4302723,
    4302740,
    4302795,
    4302801,
    4302914,
    4302932,
    4302942,
    4302955,
    4302963,
    4303058,
    4303072,
    4303209,
    4303223,
    4303251,
    4303269,
    4303279,
    4303284,
    4303299,
    4303309,
    4303326,
    4303346,
    4303365,
    4303377,
    4303442,
    4303465,
    4303603,
    4303613,
    4303712,
    4303815,
    4303829,
    4303838,
    4303939,
    4303965,
    4304009,
    4304019,
    4304033,
    4304050,
    4304190,
    4304246,
    4304297,
    4304390,
    4304423,
    4304436,
    4304596,
    4304632,
    4304641,
    4304650,
    4304710,
    4304726,
    4304744,
    4304786,
    4304837,
    4304985,
    4304994,
    4305013,
    4305038,
    4305137,
    4305154,
    4305227,
    4305239,
    4305247,
    4305417,
    4305433,
    4305507,
    4305595,
    4305649,
    4305682,
    4305802,
    4305815,
    4305875,
    4305913,
    4305932,
    4305947,
    4305956,
    4305965,
    4305971,
    4305982,
    4305991,
    4306005,
    4306011,
    4306022,
    4306028,
    4306038,
    4306047,
    4306064,
    4306073,
    4306084,
    4306089,
    4306107,
    4306124,
    4306415,
    4306425,
    4306439,
    4306455,
    4306471,
    4306489,
    4306497,
    4306509,
    4306521,
    4306529,
    4306534,
    4306542,
    4306550,
    4306555,
    4306622,
    4306732,
    4306738,
    4306747,
    4306809,
    4306867,
    4306908,
    4306982,
    4307034,
    4307168,
    4307207,
    4307234,
    4307242,
    4307286,
    4307298,
    4307345,
    4307354,
    4307455,
    4307491,
    4307510,
    4302801,
    4304892,
    4305971,
    4306005,
    4306028,
    4304634,
    4305792,
    4305233,
    4306714,
    4307073,
    4307360,
    4307329,
    4307015,
    4305895,
    4304417,
    4306079,
    4306503,
    4306523,
    4306515,
    4306491,
    4306536,
    4307470,
    4301967,
    4306457,
    4306446,
    4307027,
    4306417,
    4306410,
    4306100,
    4301916,
    4307408,
    4306709,
    4307022,
    4306970,
    4306975,
    4305671,
    4302183,
    4302036,
    4302057,
    4305638,
    4302286,
    4306859,
    4304124,
    4303931,
    4305129,
    4304182,
    4304289,
    4306717,
    4305499,
    4306614,
    4303822,
    4305687,
    4304972,
    4303820,
    4303958,
    4304005,
    4304015,
    4301953,
    4302078,
    4302929,
    4303266,
    4303295,
    4302949,
    4302324,
    4303205,
    4304977,
    4305751,
    4304939,
    4304717,
    4304702,
    4302791,
    4302811,
    4302621,
    4302594,
    4303069,
    4303709,
    4303077,
    4303736,
    4315114,
    4315138,
    4315155,
    4315087,
    4315114,
    4315081,
    4313568,
    4313603,
    4314316,
    4314335,
    4313289,
    4313298,
    4313313,
    4313325,
    4313330,
    4313339,
    4313348,
    4313353,
    4313430,
    4313437,
    4313441,
    4313449,
    4313461,
    4313476,
    4313522,
    4313568,
    4313579,
    4313654,
    4313674,
    4313689,
    4313698,
    4313730,
    4313761,
    4313771,
    4313781,
    4313957,
    4314054,
    4314077,
    4314125,
    4314206,
    4314242,
    4314271,
    4313648,
    4313768,
    4313885,
    4313704,
    4313470,
    4313660,
    4314203,
    4314131,
    4313962,
    4313407,
    4313455,
    4313991,
    4313375,
    4314112,
    4313432,
    4313319,
    4313558,
    4313553,
    4313380,
    4313952,
    4313501,
    4313535,
    4313947,
    4313496,
    4262368,
    4262337,
    4262404,
    4262377,
    4262386,
    4262359,
    4262328,
    4262395,
    4262328,
    4262342,
    4262321,
    4238275,
    4238405,
    4238343,
    4238417,
    4238391,
    4238227,
    4238234,
    4238239,
    4238255,
    4238264,
    4238287,
    4238301,
    4238310,
    4238327,
    4238351,
    4238362,
    4238372,
    4238399,
    4238215,
    4238229,
    4238289,
    4238223,
    4238220,
    4238257,
    4238280,
    4238357,
    4238339,
    4238387,
    4283736,
    4283140,
    4283908,
    4284038,
    4283942,
    4284548,
    4284265,
    4284464,
    4284432,
    4283792,
    4284657,
    4284309,
    4283862,
    4284408,
    4283578,
    4283454,
    4283967,
    4284464,
    4284408,
    4283062,
    4283122,
    4283140,
    4283151,
    4283165,
    4283172,
    4283207,
    4283266,
    4283317,
    4283346,
    4283355,
    4283422,
    4283454,
    4283461,
    4283501,
    4283522,
    4283560,
    4283578,
    4283586,
    4283654,
    4283689,
    4283706,
    4283736,
    4283758,
    4283773,
    4283813,
    4283838,
    4283862,
    4283876,
    4283908,
    4283922,
    4283942,
    4283967,
    4283978,
    4284209,
    4284221,
    4284236,
    4284265,
    4284284,
    4284309,
    4284320,
    4284354,
    4284379,
    4284497,
    4284548,
    4284606,
    4284657,
    4284676,
    4284708,
    4284728,
    4284755,
    4284809,
    4284553,
    4284488,
    4283682,
    4283310,
    4284211,
    4283972,
    4284314,
    4283157,
    4283753,
    4282960,
    4283089,
    4283518,
    4282977,
    4283049,
    4284016,
    4284437,
    4284303,
    4283965,
    4283898,
    4284243,
    4283840,
    4284628,
    4284270,
    4283145,
    4284188,
    4262424,
    4262433,
    4262461,
    4262424,
    4262438,
    4262945,
    4262981,
    4262991,
    4262962,
    4262937,
    4263003,
    4262883,
    4262913,
    4262955,
    4262950,
    4294785,
    4296577,
    4293379,
    4294023,
    4291471,
    4294166,
    4291224,
    4295320,
    4296602,
    4293758,
    4294428,
    4294811,
    4294435,
    4294180,
    4294563,
    4297127,
    4296104,
    4296622,
    4294576,
    4295856,
    4296241,
    4292409,
    4294205,
    4294589,
    4297151,
    4296128,
    4292803,
    4293187,
    4293062,
    4294215,
    4290631,
    4293319,
    4295246,
    4290515,
    4290263,
    4293338,
    4295006,
    4294112,
    4293091,
    4295140,
    4292837,
    4295270,
    4292965,
    4294120,
    4290792,
    4292328,
    4292456,
    4296676,
    4290542,
    4294128,
    4293618,
    4294642,
    4293364,
    4292854,
    4296311,
    4294392,
    4293625,
    4294006,
    4293371,
    4296182,
    4297085,
    4292606,
    4297151,
    4294435,
    4293625,
    4290542,
    4294563,
    4294128,
    4293379,
    4288953,
    4289018,
    4289067,
    4289085,
    4289098,
    4289111,
    4289122,
    4289133,
    4289140,
    4289147,
    4289153,
    4289158,
    4289171,
    4289429,
    4289630,
    4289645,
    4289698,
    4289707,
    4289749,
    4289776,
    4289809,
    4290039,
    4290094,
    4290103,
    4290112,
    4290121,
    4290191,
    4290214,
    4290223,
    4290248,
    4290263,
    4290270,
    4290360,
    4290376,
    4290408,
    4290426,
    4290438,
    4290488,
    4290533,
    4290612,
    4290631,
    4290642,
    4290656,
    4290667,
    4290680,
    4290776,
    4290792,
    4290799,
    4290807,
    4290817,
    4290825,
    4290833,
    4290859,
    4290878,
    4290899,
    4290921,
    4290956,
    4291037,
    4291041,
    4291053,
    4291090,
    4291122,
    4291141,
    4291154,
    4291192,
    4291198,
    4291211,
    4291224,
    4291235,
    4291258,
    4291267,
    4291288,
    4291339,
    4291355,
    4291364,
    4291396,
    4291414,
    4291439,
    4291454,
    4291471,
    4291496,
    4291515,
    4291530,
    4291559,
    4291591,
    4291598,
    4291631,
    4291646,
    4291677,
    4291691,
    4291787,
    4291870,
    4291999,
    4292035,
    4292044,
    4292053,
    4292062,
    4292091,
    4292118,
    4292192,
    4292206,
    4292261,
    4292267,
    4292283,
    4292288,
    4292328,
    4292342,
    4292347,
    4292374,
    4292389,
    4292409,
    4292417,
    4292440,
    4292456,
    4292470,
    4292491,
    4292517,
    4292546,
    4292555,
    4292564,
    4292568,
    4292580,
    4292584,
    4292606,
    4292613,
    4292661,
    4292675,
    4292733,
    4292778,
    4292803,
    4292837,
    4292872,
    4292894,
    4292926,
    4292941,
    4292965,
    4292992,
    4293001,
    4293009,
    4293062,
    4293091,
    4293117,
    4293132,
    4293159,
    4293187,
    4293194,
    4293224,
    4293319,
    4293345,
    4293355,
    4293384,
    4293416,
    4293427,
    4293554,
    4293667,
    4293674,
    4293700,
    4293741,
    4293758,
    4293810,
    4293839,
    4293858,
    4293883,
    4294006,
    4294034,
    4294044,
    4294051,
    4294061,
    4294087,
    4294093,
    4294107,
    4294141,
    4294166,
    4294187,
    4294225,
    4294261,
    4294324,
    4294355,
    4294457,
    4294485,
    4294500,
    4294540,
    4294608,
    4294615,
    4294642,
    4294684,
    4294706,
    4294756,
    4294785,
    4294811,
    4294824,
    4294889,
    4294901,
    4294932,
    4294973,
    4294989,
    4295006,
    4295018,
    4295037,
    4295052,
    4295062,
    4295083,
    4295108,
    4295140,
    4295154,
    4295164,
    4295177,
    4295186,
    4295212,
    4295219,
    4295236,
    4295264,
    4295315,
    4295320,
    4295403,
    4295454,
    4295465,
    4295513,
    4295542,
    4295559,
    4295574,
    4295663,
    4295680,
    4295732,
    4295756,
    4295766,
    4295782,
    4295856,
    4295867,
    4295914,
    4295923,
    4295948,
    4296006,
    4296090,
    4296122,
    4296173,
    4296182,
    4296241,
    4296257,
    4296297,
    4296396,
    4296430,
    4296440,
    4296446,
    4296451,
    4296484,
    4296515,
    4296539,
    4296577,
    4296588,
    4296667,
    4296676,
    4296825,
    4296851,
    4296921,
    4297048,
    4297145,
    4297222,
    4290899,
    4291198,
    4291229,
    4291598,
    4293384,
    4294608,
    4294040,
    4294019,
    4291489,
    4291507,
    4291445,
    4291433,
    4292384,
    4291357,
    4296344,
    4290995,
    4294690,
    4294686,
    4295160,
    4294895,
    4291307,
    4291299,
    4291248,
    4291029,
    4294680,
    4291241,
    4289795,
    4293600,
    4293200,
    4292333,
    4290767,
    4294928,
    4294790,
    4294752,
    4290677,
    4289455,
    4288879,
    4289916,
    4291328,
    4290809,
    4291185,
    4293433,
    4289225,
    4289423,
    4291150,
    4290935,
    4293216,
    4292890,
    4288828,
    4288832,
    4291111,
    4292432,
    4292922,
    4293112,
    4292867,
    4292928,
    4294533,
    4289041,
    4289679,
    4289589,
    4289149,
    4289128,
    4289135,
    4289142,
    4289117,
    4289104,
    4289091,
    4289078,
    4289062,
    4288933,
    4289010,
    4293422,
    4293411,
    4293332,
    4294089,
    4294080,
    4289755,
    4295722,
    4295670,
    4292028,
    4291936,
    4295214,
    4295208,
    4295169,
    4295713,
    4295814,
    4296724,
    4297006,
    4297002,
    4292294,
    4291992,
    4291933,
    4291670,
    4291637,
    4291540,
    4291532,
    4291521,
    4295762,
    4295777,
    4296704,
    4296887,
    4296521,
    4295033,
    4292240,
    4295753,
    4292904,
    4293833,
    4292627,
    4292619,
    4296418,
    4296414,
    4295054,
    4296386,
    4292112,
    4294969,
    4295259,
    4297098,
    4293656,
    4296615,
    4295549,
    4294133,
    4290433,
    4293392,
    4295475,
    4295491,
    4295467,
    4295456,
    4295395,
    4290404,
    4297140,
    4296117,
    4290848,
    4292824,
    4294780,
    4293089,
    4293664,
    4291202,
    4292368,
    4294720,
    4290725,
    4291218,
    4290257,
    4290625,
    4292509,
    4293152,
    4280870,
    4280905,
    4280811,
    4280913,
    4280851,
    4280819,
    4280366,
    4280396,
    4280460,
    4280478,
    4280537,
    4280542,
    4280547,
    4280561,
    4280570,
    4280576,
    4280595,
    4280668,
    4280681,
    4280729,
    4280819,
    4280851,
    4280913,
    4280764,
    4280382,
    4280525,
    4280466,
    4280563,
    4280302,
    4280791,
    4280662,
    4255849,
    4255819,
    4255887,
    4255794,
    4255830,
    4255832,
    4255824,
    4255785,
    4269155,
    4269131,
    4269155,
    4268683,
    4268698,
    4268708,
    4268722,
    4268752,
    4268776,
    4268793,
    4268806,
    4268829,
    4268852,
    4268870,
    4268938,
    4268947,
    4268968,
    4268987,
    4268996,
    4269047,
    4269065,
    4269107,
    4269116,
    4268746,
    4268772,
    4268700,
    4268670,
    4268858,
    4268876,
    4268980,
    4268989,
    4269109,
    4269152,
    4268823,
    4268724,
    4268738,
    4286848,
    4286016,
    4285858,
    4287205,
    4286638,
    4286799,
    4287374,
    4286226,
    4286037,
    4287096,
    4285562,
    4286848,
    4287096,
    4285418,
    4285434,
    4285439,
    4285444,
    4285448,
    4285456,
    4285464,
    4285533,
    4285544,
    4285562,
    4285579,
    4285588,
    4285596,
    4285676,
    4285681,
    4285706,
    4285728,
    4285737,
    4285781,
    4285858,
    4285922,
    4285987,
    4286016,
    4286054,
    4286066,
    4286086,
    4286131,
    4286137,
    4286226,
    4286251,
    4286263,
    4286368,
    4286435,
    4286455,
    4286488,
    4286556,
    4286562,
    4286613,
    4286638,
    4286650,
    4286702,
    4286719,
    4286777,
    4286799,
    4286806,
    4286886,
    4286921,
    4286927,
    4286948,
    4286971,
    4286984,
    4287015,
    4287039,
    4287044,
    4287050,
    4287066,
    4287111,
    4287115,
    4287129,
    4287156,
    4287205,
    4287217,
    4287232,
    4287296,
    4287325,
    4287364,
    4287374,
    4287381,
    4287446,
    4286128,
    4285734,
    4286343,
    4285702,
    4285724,
    4286073,
    4287001,
    4285616,
    4286431,
    4287321,
    4287396,
    4285348,
    4286773,
    4287227,
    4286558,
    4286977,
    4286964,
    4287021,
    4287101,
    4286466,
    4286540,
    4286351,
    4286485,
    4286923,
    4285529,
    4285535,
    4286516,
    4286915,
    4287041,
    4287035,
    4285388,
    4286060,
    4286246,
    4285978,
    4286049,
    4286669,
    4286526,
    4286853,
    4286257,
    4285972,
    4285885,
    4268643,
    4268476,
    4268476,
    4267907,
    4267926,
    4267932,
    4267946,
    4267976,
    4268007,
    4268018,
    4268032,
    4268049,
    4268093,
    4268116,
    4268157,
    4268243,
    4268247,
    4268316,
    4268323,
    4268437,
    4268467,
    4268578,
    4268605,
    4267970,
    4267889,
    4267928,
    4268014,
    4267919,
    4268020,
    4268433,
    4268215,
    4268218,
    4268055,
    4268473,
    4268087,
    4268009,
    4267948,
    4267962,
    4315750,
    4271817,
    4272042,
    4272237,
    4272014,
    4271799,
    4271799,
    4271493,
    4271548,
    4271553,
    4271584,
    4271661,
    4271691,
    4271755,
    4271763,
    4271880,
    4271899,
    4271941,
    4272014,
    4272126,
    4271729,
    4271892,
    4271437,
    4271451,
    4271995,
    4213872,
    4227224,
    4262595,
    4262756,
    4262696,
    4262858,
    4262827,
    4262667,
    4262538,
    4262643,
    4262805,
    4262677,
    4262775,
    4262840,
    4262619,
    4262557,
    4262687,
    4262756,
    4262499,
    4262507,
    4262538,
    4262548,
    4262568,
    4262657,
    4262709,
    4262736,
    4262765,
    4262788,
    4262501,
    4262493,
    4262543,
    4262576,
    4262600,
    4262624,
    4262652,
    4262761,
    4262731,
    4262810,
    4262748,
    4212894,
    4212903,
    4212881,
    4288774,
    4288680,
    4288108,
    4288654,
    4288278,
    4288685,
    4288067,
    4288080,
    4288108,
    4288115,
    4288141,
    4288168,
    4288192,
    4288231,
    4288249,
    4288278,
    4288285,
    4288302,
    4288329,
    4288342,
    4288385,
    4288402,
    4288421,
    4288457,
    4288508,
    4288524,
    4288537,
    4288558,
    4288589,
    4288616,
    4288654,
    4288661,
    4288751,
    4288685,
    4288025,
    4288223,
    4288417,
    4288186,
    4288745,
    4288295,
    4288479,
    4288518,
    4288163,
    4310790,
    4309387,
    4311955,
    4311830,
    4312088,
    4312352,
    4310178,
    4310691,
    4309422,
    4312111,
    4310835,
    4311875,
    4310852,
    4312134,
    4311751,
    4310218,
    4311892,
    4311796,
    4309118,
    4312352,
    4311892,
    4310852,
    4312134,
    4312111,
    4312088,
    4311751,
    4310691,
    4308523,
    4308607,
    4308645,
    4308651,
    4308662,
    4308809,
    4308813,
    4308835,
    4308846,
    4308868,
    4308886,
    4308898,
    4309072,
    4309104,
    4309109,
    4309118,
    4309125,
    4309135,
    4309167,
    4309186,
    4309203,
    4309220,
    4309250,
    4309317,
    4309387,
    4309422,
    4309436,
    4309569,
    4309683,
    4309692,
    4309701,
    4309710,
    4309744,
    4309751,
    4309753,
    4309771,
    4309800,
    4309831,
    4309841,
    4309865,
    4309893,
    4309961,
    4309975,
    4310001,
    4310008,
    4310037,
    4310053,
    4310092,
    4310114,
    4310129,
    4310155,
    4310178,
    4310185,
    4310211,
    4310227,
    4310317,
    4310352,
    4310432,
    4310502,
    4310570,
    4310644,
    4310776,
    4310798,
    4310918,
    4310981,
    4311000,
    4311024,
    4311029,
    4311041,
    4311056,
    4311107,
    4311114,
    4311125,
    4311145,
    4311172,
    4311183,
    4311240,
    4311245,
    4311303,
    4311325,
    4311353,
    4311400,
    4311453,
    4311508,
    4311522,
    4311536,
    4311567,
    4311600,
    4311623,
    4311640,
    4311648,
    4311683,
    4311707,
    4311727,
    4311763,
    4311773,
    4311816,
    4311838,
    4311903,
    4311955,
    4311981,
    4311994,
    4312038,
    4312055,
    4312148,
    4312299,
    4312387,
    4312522,
    4312539,
    4312569,
    4312613,
    4312622,
    4312640,
    4312664,
    4312675,
    4312789,
    4309392,
    4310001,
    4310205,
    4310199,
    4310043,
    4310019,
    4310326,
    4310345,
    4310237,
    4309924,
    4310088,
    4309968,
    4309952,
    4309837,
    4309793,
    4309655,
    4309637,
    4309716,
    4309621,
    4309427,
    4308919,
    4308441,
    4309127,
    4310658,
    4308926,
    4308451,
    4309230,
    4308852,
    4308841,
    4308830,
    4308796,
    4312293,
    4308461,
    4308487,
    4310223,
    4309543,
    4309505,
    4312150,
    4312139,
    4311514,
    4311596,
    4311636,
    4311645,
    4311976,
    4312048,
    4312608,
    4312659,
    4311232,
    4311136,
    4312034,
    4312670,
    4311396,
    4311102,
    4311109,
    4311320,
    4311987,
    4310787,
    4311827,
    4233184,
    4232970,
    4233067,
    4232940,
    4232912,
    4233041,
    4233075,
    4232980,
    4232955,
    4232990,
    4232990,
    4233067,
    4233041,
    4232970,
    4232894,
    4232901,
    4232922,
    4232934,
    4232950,
    4232968,
    4233039,
    4233060,
    4233065,
    4232927,
    4232896,
    4232888,
    4232945,
    4232917,
    4233051,
    4233046,
    4233031,
    4232960,
    4271368,
    4271314,
    4271140,
    4271153,
    4271162,
    4271211,
    4271239,
    4271263,
    4271268,
    4271274,
    4271298,
    4271357,
    4271098,
    4271304,
    4271188,
    4271204,
    4271265,
    4271255,
    4271074,
    4269272,
    4269287,
    4269272,
    4269201,
    4269235,
    4269259,
    4269322,
    4269309,
    4269865,
    4269810,
    4269451,
    4269475,
    4269497,
    4269527,
    4269551,
    4269568,
    4269585,
    4269625,
    4269634,
    4269652,
    4269671,
    4269711,
    4269803,
    4269533,
    4269561,
    4269460,
    4269581,
    4269664,
    4269620,
    4314841,
    4314898,
    4314821,
    4314821,
    4314737,
    4314832,
    4314836,
    4314841,
    4314818,
    4314809,
    4314792,
    4314656,
    4314688,
    4273095,
    4274535,
    4272779,
    4273072,
    4274512,
    4274580,
    4273941,
    4274653,
    4272779,
    4274653,
    4274580,
    4272405,
    4272500,
    4272510,
    4272520,
    4272530,
    4272549,
    4272559,
    4272604,
    4272689,
    4272716,
    4272744,
    4272757,
    4272794,
    4272805,
    4272850,
    4272870,
    4272883,
    4272911,
    4272947,
    4272989,
    4272994,
    4273010,
    4273024,
    4273031,
    4273042,
    4273059,
    4273159,
    4273167,
    4273175,
    4273183,
    4273189,
    4273208,
    4273220,
    4273258,
    4273263,
    4273271,
    4273277,
    4273295,
    4273307,
    4273345,
    4273350,
    4273365,
    4273434,
    4273443,
    4273460,
    4273471,
    4273503,
    4273508,
    4273524,
    4273573,
    4273594,
    4273690,
    4273733,
    4273742,
    4273756,
    4273861,
    4274020,
    4274033,
    4274058,
    4274075,
    4274143,
    4274211,
    4274279,
    4274310,
    4274315,
    4274356,
    4274376,
    4274391,
    4274425,
    4274430,
    4274453,
    4274469,
    4274486,
    4274601,
    4274669,
    4274681,
    4274714,
    4274716,
    4274735,
    4274826,
    4274902,
    4274944,
    4274948,
    4274960,
    4274974,
    4274986,
    4275003,
    4274344,
    4274026,
    4273120,
    4273405,
    4272480,
    4272322,
    4273531,
    4272419,
    4273421,
    4274359,
    4274201,
    4274065,
    4274120,
    4272484,
    4273288,
    4273200,
    4274013,
    4274448,
    4274464,
    4272932,
    4274887,
    4272738,
    4272598,
    4272708,
    4272545,
    4272754,
    4274925,
    4272970,
    4273026,
    4273035,
    4274731,
    4274711,
    4274999,
    4274983,
    4272541,
    4287776,
    4287744,
    4287842,
    4287713,
    4287941,
    4287824,
    4287941,
    4287744,
    4287842,
    4287560,
    4287583,
    4287638,
    4287651,
    4287690,
    4287713,
    4287824,
    4287883,
    4287918,
    4287926,
    4287952,
    4287754,
    4287632,
    4287553,
    4287613,
    4287920,
    4287575,
    4287734,
    4287840,
    4287508,
    4287867,
    4287961,
    4287759,
    4287850,
    4287565,
    4243760,
    4243769,
    4243751,
    4243751,
    4262208,
    4262217,
    4262226,
    4262199,
    4262235,
    4270907,
    4270522,
    4270579,
    4270586,
    4270608,
    4270618,
    4270637,
    4270692,
    4270730,
    4270764,
    4270773,
    4270793,
    4270805,
    4270875,
    4270946,
    4271022,
    4270756,
    4270603,
    4270581,
    4270614,
    4270568,
    4270942,
    4270726,
    4227912,
    4227942,
    4227857,
    4264290,
    4264276,
    4215140,
    4215209,
    4215178,
    4215148,
    4215186,
    4215122,
    4215220,
    4215228,
    4215122,
    4215220,
    4215043,
    4215060,
    4215069,
    4215080,
    4215096,
    4215112,
    4215135,
    4215156,
    4215165,
    4215194,
    4215236,
    4215071,
    4215092,
    4215131,
    4215055,
    4215106,
    4215051,
    4215171,
    4246375,
    4246408,
    4246384,
    4246420,
    4246393,
    4246429,
    4246375,
    4246398,
    4269961,
    4269941,
    4269926,
    4269899,
    4269950,
    4269946,
    4214073,
    4214156,
    4214125,
    4214113,
    4213990,
    4213998,
    4214073,
    4214105,
    4214113,
    4214146,
    4214156,
    4213970,
    4314483,
    4314494,
    4314483,
    4314406,
    4314415,
    4314430,
    4314439,
    4314456,
    4314556,
    4314471,
    4314371,
    4314387,
    4314374,
    4314461,
    4314356,
    4314478,
    4284960,
    4285158,
    4285311,
    4284960,
    4284969,
    4285028,
    4285158,
    4285210,
    4284951,
    4262267,
    4262275,
    4262267,
    4262251,
    4262240,
    4213623,
    4213637,
    4213646,
    4213655,
    4213623,
    4213637,
    4213635,
    4213628,
    4298246,
    4298663,
    4298280,
    4297451,
    4299182,
    4299214,
    4297686,
    4298523,
    4298877,
    4297686,
    4298523,
    4297451,
    4298246,
    4298280,
    4299182,
    4299214,
    4298877,
    4297348,
    4297357,
    4297379,
    4297465,
    4297478,
    4297527,
    4297543,
    4297561,
    4297598,
    4297650,
    4297661,
    4297701,
    4297732,
    4297808,
    4297818,
    4297861,
    4297893,
    4297922,
    4297944,
    4297987,
    4297993,
    4297997,
    4298073,
    4298089,
    4298114,
    4298155,
    4298167,
    4298219,
    4298253,
    4298271,
    4298287,
    4298413,
    4298425,
    4298486,
    4298626,
    4298696,
    4298750,
    4298760,
    4298790,
    4298802,
    4298825,
    4298859,
    4298864,
    4298884,
    4298899,
    4298915,
    4298947,
    4298987,
    4299003,
    4299025,
    4299041,
    4299046,
    4299055,
    4299097,
    4299146,
    4299168,
    4299189,
    4299221,
    4299230,
    4299242,
    4298640,
    4297940,
    4297979,
    4297989,
    4298404,
    4297983,
    4298082,
    4298069,
    4298422,
    4297856,
    4297744,
    4297312,
    4297644,
    4297337,
    4297656,
    4298911,
    4298746,
    4298756,
    4298773,
    4298989,
    4299005,
    4299236,
    4298786,
    4299027,
    4298849,
    4298861,
    4298949,
    4299018,
    4298835,
    4299176,
    4299208,
    4299108,
    4213176,
    4213185,
    4213176,
    4213047,
    4213047,
    4212965,
    4212982,
    4212987,
    4213045,
    4213032,
    4212972,
    4317120,
    4317104,
    4317120,
    4317110,
    4317149,
    4317125,
    4317092,
    4307848,
    4307642,
    4307848,
    4307642,
    4307655,
    4307660,
    4307680,
    4307731,
    4307793,
    4307819,
    4307826,
    4307860,
    4307865,
    4307870,
    4307833,
    4307602,
    4307876,
    4307802,
    4307666,
    4307647,
    4307853,
    4307799,
    4307650,
    4307856,
    4307593,
    4308306,
    4308085,
    4308208,
    4308085,
    4308099,
    4308104,
    4308146,
    4308154,
    4308295,
    4308306,
    4308330,
    4308176,
    4308148,
    4308318,
    4308090,
    4308181,
    4315483,
    4315483,
    4315454,
    4315454,
    4315329,
    4315329,
    4315295,
    4315191,
    4315227,
    4315267,
    4315395,
    4315252,
    4315295,
    4315320,
    4315317,
    4315392,
    4316425,
    4316372,
    4316361,
    4316367,
    4316372,
    4316383,
    4316404,
    4316468,
    4316490,
    4316377,
    4316435,
    4316470,
    4316492,
    4316509,
    4316534,
    4315830,
    4312979,
    4312979,
    4312970,
    4312932,
    4315520,
    4315520,
    4315554,
    4315554,
    4262296,
    4262296,
    4249321,
    4249321,
    4249319,
    4325914,
    4325914,
    4325912,
    4225785,
    4225882,
    4225959,
    4225759,
    4225662,
    4225671,
    4225679,
    4225740,
    4225752,
    4225759,
    4225769,
    4225778,
    4225785,
    4225882,
    4225892,
    4225923,
    4225959,
    4225862,
    4225816,
    4225627,
    4225649,
    4299977,
    4300013,
    4300023,
    4300034,
    4300043,
    4300110,
    4300119,
    4300127,
    4300146,
    4300188,
    4300219,
    4300277,
    4300592,
    4300603,
    4300621,
    4300648,
    4300672,
    4300202,
    4300626,
    4299999,
    4300139,
    4300029,
    4299973,
    4299996,
    4300598,
    4300019,
    4299987,
    4262115,
    4261972,
    4261848,
    4261891,
    4261903,
    4261925,
    4261951,
    4261959,
    4261972,
    4262019,
    4262115,
    4262124,
    4262170,
    4262145,
    4261999,
    4261938,
    4261893,
    4261886,
    4261945,
    4264101,
    4264054,
    4264101,
    4264054,
    4264087,
    4264040,
    4264046,
    4264093,
    4264023,
    4264080,
    4264042,
    4264089,
    4275052,
    4275062,
    4275075,
    4275096,
    4275104,
    4275216,
    4275098,
    4275058,
    4282302,
    4282315,
    4282338,
    4282344,
    4282349,
    4282430,
    4282439,
    4282456,
    4282487,
    4282496,
    4282532,
    4282549,
    4282564,
    4282573,
    4282582,
    4282588,
    4282612,
    4282647,
    4282662,
    4282679,
    4282696,
    4282715,
    4282728,
    4282735,
    4282755,
    4282764,
    4282777,
    4282798,
    4282803,
    4282809,
    4282858,
    4282863,
    4282869,
    4282894,
    4282903,
    4282909,
    4282359,
    4282728,
    4282520,
    4282293,
    4282538,
    4282524,
    4282672,
    4282419,
    4282435,
    4282653,
    4282761,
    4282493,
    4282752,
    4282423,
    4282445,
    4282331,
    4316585,
    4316691,
    4316620,
    4316665,
    4316585,
    4316580,
    4316596,
    4316612,
    4316620,
    4316627,
    4316590,
    4316617,
    4316582,
    4317000,
    4316865,
    4316780,
    4316942,
    4316780,
    4316771,
    4316791,
    4316854,
    4316942,
    4316949,
    4316785,
    4316920,
    4316939,
    4317032,
    4316845,
    4316777,
    4316833,
    4228132,
    4228119,
    4228119,
    4228132,
    4228109,
    4301737,
    4301737,
    4301848,
    4301742,
    4275808,
    4276614,
    4276040,
    4275918,
    4277072,
    4277307,
    4276614,
    4277307,
    4275808,
    4275652,
    4275748,
    4275757,
    4275781,
    4275789,
    4275874,
    4275900,
    4275916,
    4275918,
    4275978,
    4276040,
    4276254,
    4276267,
    4276280,
    4276343,
    4276369,
    4276381,
    4276396,
    4276442,
    4276479,
    4276504,
    4276517,
    4276546,
    4276625,
    4276630,
    4276636,
    4276700,
    4276716,
    4276739,
    4276792,
    4276804,
    4276811,
    4276816,
    4276839,
    4276850,
    4276866,
    4276868,
    4276878,
    4276893,
    4276944,
    4276983,
    4276999,
    4277015,
    4277037,
    4277072,
    4277087,
    4277093,
    4277260,
    4277345,
    4277416,
    4277421,
    4277426,
    4277450,
    4277460,
    4277477,
    4277592,
    4277617,
    4277426,
    4275774,
    4275611,
    4275642,
    4276536,
    4275615,
    4275763,
    4275738,
    4276348,
    4277099,
    4277103,
    4276239,
    4276260,
    4276952,
    4276232,
    4277005,
    4277084,
    4277021,
    4277017,
    4276304,
    4275906,
    4275984,
    4276931,
    4276467,
    4275858,
    4276682,
    4276852,
    4277452,
    4276735,
    4276845,
    4276870,
    4276632,
    4276806,
    4277653,
    4277653,
    4275380,
    4275380,
    4275297,
    4275303,
    4275311,
    4275319,
    4275345,
    4275366,
    4275463,
    4275467,
    4275472,
    4275476,
    4275494,
    4275548,
    4275576,
    4275352,
    4275287,
    4275487,
    4275546,
    4275569,
    4275291,
    4315879,
    4316000,
    4315967,
    4316012,
    4315994,
    4315919,
    4220219,
    4220219,
    4217848,
    4217923,
    4217927,
    4217966,
    4217971,
    4217976,
    4218015,
    4218034,
    4218071,
    4218097,
    4218132,
    4218218,
    4218239,
    4218254,
    4218259,
    4218269,
    4218279,
    4218285,
    4218291,
    4218311,
    4218349,
    4218369,
    4218444,
    4218453,
    4218458,
    4218467,
    4218480,
    4218532,
    4218550,
    4218571,
    4218629,
    4218638,
    4218685,
    4218938,
    4218948,
    4219017,
    4219026,
    4219075,
    4219182,
    4219250,
    4219259,
    4219268,
    4219277,
    4219287,
    4219299,
    4219340,
    4219358,
    4219372,
    4219402,
    4219410,
    4219494,
    4219514,
    4219524,
    4219532,
    4219557,
    4219566,
    4219571,
    4219581,
    4219594,
    4219620,
    4219676,
    4219684,
    4219707,
    4219724,
    4219731,
    4219849,
    4219855,
    4219981,
    4219989,
    4220020,
    4220029,
    4220038,
    4220048,
    4220064,
    4220090,
    4220254,
    4220299,
    4220367,
    4220417,
    4220428,
    4220479,
    4220488,
    4220493,
    4220502,
    4220514,
    4220564,
    4220663,
    4220671,
    4220702,
    4220711,
    4220716,
    4220726,
    4220742,
    4220768,
    4220850,
    4220983,
    4221086,
    4221162,
    4221192,
    4221205,
    4221209,
    4221299,
    4221327,
    4221364,
    4221373,
    4221382,
    4221394,
    4221406,
    4221460,
    4221519,
    4221551,
    4221593,
    4221660,
    4221666,
    4221692,
    4221708,
    4221754,
    4221771,
    4221837,
    4221846,
    4221864,
    4221873,
    4221878,
    4221888,
    4221904,
    4221930,
    4221992,
    4222073,
    4222134,
    4222346,
    4222351,
    4222520,
    4222529,
    4222538,
    4222547,
    4222557,
    4222569,
    4222617,
    4222725,
    4222754,
    4222799,
    4222958,
    4223017,
    4223076,
    4223170,
    4223178,
    4223192,
    4223206,
    4223219,
    4223233,
    4223243,
    4223257,
    4223266,
    4223280,
    4223294,
    4223308,
    4223322,
    4223336,
    4223350,
    4223363,
    4223377,
    4223391,
    4223405,
    4223419,
    4223433,
    4223447,
    4223461,
    4223475,
    4223511,
    4223570,
    4223580,
    4223804,
    4223840,
    4223874,
    4223904,
    4223956,
    4223974,
    4224036,
    4224047,
    4224118,
    4224148,
    4224177,
    4224244,
    4224324,
    4224334,
    4224579,
    4224597,
    4224664,
    4224863,
    4224896,
    4224940,
    4224995,
    4225012,
    4225023,
    4225083,
    4225161,
    4225219,
    4225261,
    4218362,
    4218336,
    4218304,
    4218612,
    4218196,
    4217997,
    4217911,
    4218600,
    4217779,
    4217802,
    4219164,
    4221304,
    4217775,
    4225181,
    4223879,
    4218054,
    4219700,
    4221510,
    4225152,
    4221285,
    4222477,
    4217762,
    4218576,
    4221528,
    4221313,
    4225176,
    4219713,
    4217857,
    4217820,
    4221615,
    4217767,
    4219660,
    4223498,
    4218698,
    4220830,
    4219738,
    4222987,
    4222774,
    4218706,
    4222007,
    4218702,
    4218694,
    4218777,
    4221083,
    4221989,
    4222131,
    4222722,
    4221112,
    4223167,
    4222751,
    4222920,
    4222165,
    4222873,
    4223074,
    4220409,
    4220248,
    4222215,
    4220926,
    4221467,
    4222084,
    4220989,
    4224585,
    4225029,
    4223087,
    4221557,
    4223028,
    4221499,
    4221277,
    4218093,
    4221289,
    4225156,
    4221514,
    4221502,
    4218088,
    4220131,
    4217812,
    4228436,
    4228436,
    4228203,
    4228211,
    4228219,
    4228228,
    4228356,
    4228366,
    4228374,
    4228383,
    4228395,
    4228417,
    4228689,
    4228153,
    4228173,
    4228205,
    4228362,
    4228352,
    4225553,
    4225560,
    4225566,
    4225598,
    4225533,
    4316299,
    4316299,
    4316047,
    4316062,
    4316076,
    4316087,
    4316109,
    4316114,
    4316123,
    4316129,
    4316147,
    4316156,
    4316268,
    4316149,
    4316053,
    4316111,
    4316040,
    4316144,
    4225373,
    4225373,
    4244355,
    4244361,
    4244327,
    4266496,
    4266440,
    4266459,
    4266474,
    4266479,
    4266494,
    4266496,
    4266481,
    4266467,
    4266371,
    4266452,
    4252928,
    4252928,
    4250024,
    4250079,
    4250225,
    4250323,
    4250341,
    4250370,
    4250384,
    4250459,
    4250527,
    4250538,
    4250552,
    4250576,
    4250616,
    4250636,
    4250641,
    4250661,
    4250802,
    4250815,
    4250827,
    4250857,
    4250947,
    4251486,
    4251509,
    4251518,
    4251529,
    4251537,
    4251612,
    4251675,
    4251685,
    4251692,
    4251701,
    4251713,
    4251750,
    4251793,
    4251801,
    4251829,
    4251845,
    4251873,
    4251905,
    4251955,
    4251979,
    4252035,
    4252104,
    4252128,
    4252167,
    4252178,
    4252310,
    4252341,
    4252357,
    4252440,
    4252464,
    4252484,
    4252533,
    4252539,
    4252555,
    4252569,
    4252580,
    4252645,
    4252717,
    4252939,
    4252945,
    4252955,
    4252969,
    4252976,
    4253037,
    4253116,
    4253162,
    4253331,
    4253428,
    4253460,
    4253475,
    4253498,
    4253563,
    4253627,
    4253705,
    4253860,
    4253892,
    4253975,
    4253998,
    4254005,
    4254153,
    4254171,
    4254177,
    4254190,
    4254478,
    4250453,
    4252817,
    4250544,
    4252096,
    4252121,
    4250569,
    4250533,
    4252432,
    4252457,
    4249936,
    4250199,
    4249987,
    4254354,
    4249959,
    4250330,
    4250376,
    4254000,
    4252575,
    4253991,
    4252561,
    4252535,
    4249977,
    4253466,
    4253965,
    4253834,
    4253842,
    4251524,
    4253697,
    4254182,
    4253905,
    4252336,
    4251708,
    4250608,
    4250792,
    4250810,
    4251840,
    4253608,
    4251824,
    4251493,
    4252933,
    4250351,
    4251687,
    4252352,
    4252971,
    4251789,
    4254173,
    4253434,
    4251552,
    4251595,
    4254460,
    4260648,
    4260224,
    4260648,
    4260224,
    4260063,
    4260070,
    4260190,
    4260487,
    4260496,
    4260556,
    4260580,
    4260601,
    4260664,
    4260694,
    4260728,
    4261016,
    4261053,
    4261070,
    4261007,
    4261048,
    4260178,
    4260480,
    4260065,
    4260056,
    4259618,
    4259618,
    4259557,
    4259593,
    4259853,
    4259879,
    4259931,
    4259840,
    4259549,
    4259525,
    4259576,
    4259925,
    4244879,
    4245197,
    4245718,
    4246063,
    4245718,
    4246063,
    4245197,
    4244879,
    4244501,
    4244522,
    4244616,
    4244654,
    4244665,
    4244681,
    4244711,
    4244751,
    4244838,
    4244893,
    4244903,
    4244912,
    4244931,
    4244945,
    4245151,
    4245211,
    4245221,
    4245230,
    4245249,
    4245261,
    4245309,
    4245383,
    4245605,
    4245620,
    4245652,
    4245673,
    4245732,
    4245742,
    4245751,
    4245770,
    4245782,
    4245820,
    4245831,
    4245847,
    4245883,
    4245935,
    4245946,
    4246021,
    4244631,
    4244928,
    4245966,
    4244726,
    4245767,
    4245246,
    4281805,
    4281391,
    4281805,
    4281391,
    4281057,
    4281075,
    4281084,
    4281173,
    4281224,
    4281238,
    4281276,
    4281311,
    4281346,
    4281523,
    4281530,
    4281541,
    4281552,
    4281536,
    4281525,
    4281516,
    4281164,
    4281053,
    4281331,
    4281272,
    4281231,
    4281220,
    4214460,
    4214460,
    4214314,
    4214340,
    4214415,
    4214305,
    4325358,
    4325370,
    4325379,
    4325383,
    4325392,
    4325433,
    4325449,
    4325459,
    4325477,
    4325522,
    4325572,
    4325632,
    4325532,
    4325505,
    4325508,
    4325814,
    4325673,
    4325652,
    4325620,
    4325590,
    4325413,
    4325318,
    4325856,
    4325385,
    4325470,
    4325442,
    4325561,
    4325840,
    4325625,
    4255627,
    4255700,
    4255700,
    4255627,
    4255595,
    4255663,
    4255571,
    4255669,
    4255591,
    4255690,
    4255531,
    4255484,
    4255469,
    4255479,
    4255462,
    4255432,
    4213892,
    4213892,
    4313166,
    4313198,
    4313230,
    4313137,
    4313230,
    4313198,
    4313166,
    4313137,
    4313150,
    4313171,
    4313182,
    4313203,
    4313214,
    4313171,
    4313203,
    4313146,
    4313142,
    4313175,
    4313207,
    4326553,
    4326553,
    4255765,
    4255765
]