[
    17271359,
    17271359,
    17261776,
    17261789,
    17261801,
    17261820,
    17261828,
    17261836,
    17261843,
    17261849,
    17261868,
    17261875,
    17262124,
    17262131,
    17262152,
    17262180,
    17262243,
    17262290,
    17262299,
    17262319,
    17262350,
    17262360,
    17262370,
    17262386,
    17262402,
    17262425,
    17262438,
    17262461,
    17262467,
    17262475,
    17262483,
    17262491,
    17262541,
    17262692,
    17262707,
    17262718,
    17262739,
    17262747,
    17262755,
    17262803,
    17262815,
    17262821,
    17262829,
    17262831,
    17262839,
    17262845,
    17262851,
    17262876,
    17262894,
    17262900,
    17262908,
    17262916,
    17262929,
    17262958,
    17262978,
    17262987,
    17263012,
    17263019,
    17263042,
    17263048,
    17263056,
    17263064,
    17263077,
    17263106,
    17263130,
    17263139,
    17263164,
    17263171,
    17263194,
    17263200,
    17263208,
    17263216,
    17263229,
    17263258,
    17263282,
    17263291,
    17263316,
    17263323,
    17263358,
    17263386,
    17263399,
    17263409,
    17263415,
    17263422,
    17263428,
    17263445,
    17263451,
    17263459,
    17263467,
    17263480,
    17263502,
    17263523,
    17263530,
    17263550,
    17263561,
    17263563,
    17263571,
    17263577,
    17263585,
    17263589,
    17263593,
    17263599,
    17263606,
    17263625,
    17263631,
    17263641,
    17263651,
    17263664,
    17263687,
    17263714,
    17263728,
    17263821,
    17263827,
    17264009,
    17264049,
    17264056,
    17264072,
    17264148,
    17264157,
    17264193,
    17264207,
    17264222,
    17264232,
    17264444,
    17264497,
    17264505,
    17264567,
    17264596,
    17264610,
    17264621,
    17264632,
    17265855,
    17265880,
    17265886,
    17265915,
    17265957,
    17265995,
    17266138,
    17266153,
    17266164,
    17266185,
    17266193,
    17266201,
    17266249,
    17266261,
    17266267,
    17266275,
    17266277,
    17266285,
    17266291,
    17266299,
    17266324,
    17266373,
    17266408,
    17266417,
    17266466,
    17266501,
    17266510,
    17266559,
    17266594,
    17266603,
    17266652,
    17266659,
    17266700,
    17266710,
    17266757,
    17266764,
    17266809,
    17266819,
    17266825,
    17266842,
    17266848,
    17266856,
    17266864,
    17266877,
    17266906,
    17266930,
    17266945,
    17266964,
    17266977,
    17266979,
    17266987,
    17266993,
    17267001,
    17267005,
    17267009,
    17267015,
    17267022,
    17267041,
    17267047,
    17267057,
    17267067,
    17267080,
    17267119,
    17267138,
    17267166,
    17267223,
    17267232,
    17267277,
    17267286,
    17267358,
    17267370,
    17267378,
    17267384,
    17267441,
    17267503,
    17267520,
    17267529,
    17267546,
    17267634,
    17267645,
    17267675,
    17267705,
    17267715,
    17267725,
    17267734,
    17267893,
    17267900,
    17267955,
    17267967,
    17267988,
    17267995,
    17268009,
    17268023,
    17268053,
    17268065,
    17268079,
    17268093,
    17268099,
    17268112,
    17268118,
    17268134,
    17268142,
    17268164,
    17268178,
    17268233,
    17268245,
    17268260,
    17268267,
    17268273,
    17268288,
    17268318,
    17268330,
    17268344,
    17268358,
    17268364,
    17268376,
    17268382,
    17268398,
    17268409,
    17268418,
    17268426,
    17268432,
    17268442,
    17268448,
    17268452,
    17268474,
    17268482,
    17268490,
    17268496,
    17268506,
    17268508,
    17268516,
    17268522,
    17268531,
    17268555,
    17268574,
    17268580,
    17268589,
    17268598,
    17268611,
    17268635,
    17268658,
    17268667,
    17268693,
    17268698,
    17268722,
    17268728,
    17268737,
    17268746,
    17268759,
    17268788,
    17268810,
    17268819,
    17268845,
    17268850,
    17268875,
    17268881,
    17268891,
    17268901,
    17268914,
    17268943,
    17268962,
    17268971,
    17268983,
    17268997,
    17269006,
    17269039,
    17269060,
    17269080,
    17269090,
    17269096,
    17269106,
    17269112,
    17269122,
    17269128,
    17269138,
    17269144,
    17269349,
    17269357,
    17269407,
    17269426,
    17269487,
    17269504,
    17269513,
    17269530,
    17269538,
    17269576,
    17269590,
    17269602,
    17269606,
    17269610,
    17269630,
    17269660,
    17269687,
    17269706,
    17269714,
    17269744,
    17269754,
    17269762,
    17269768,
    17269778,
    17269784,
    17269788,
    17269806,
    17269813,
    17269821,
    17269827,
    17269842,
    17269850,
    17269856,
    17269934,
    17269946,
    17269953,
    17269969,
    17270007,
    17270018,
    17270044,
    17270060,
    17270087,
    17270106,
    17270114,
    17270144,
    17270156,
    17270162,
    17270168,
    17270181,
    17270194,
    17270196,
    17270204,
    17270210,
    17270219,
    17270244,
    17270293,
    17270328,
    17270337,
    17270386,
    17270421,
    17270430,
    17270479,
    17270486,
    17270527,
    17270537,
    17270584,
    17270591,
    17270636,
    17270650,
    17270656,
    17270666,
    17270672,
    17270682,
    17270688,
    17270698,
    17270704,
    17270722,
    17270732,
    17270747,
    17270764,
    17270818,
    17270829,
    17270874,
    17270880,
    17270893,
    17270911,
    17270923,
    17270938,
    17270951,
    17270963,
    17270978,
    17270995,
    17271006,
    17271056,
    17271067,
    17271097,
    17271106,
    17271110,
    17271114,
    17271127,
    17271141,
    17271154,
    17271199,
    17271225,
    17271237,
    17271271,
    17271295,
    17271309,
    17271336,
    17271403,
    17271459,
    17271526,
    17271555,
    17271574,
    17271603,
    17271623,
    17271640,
    17271792,
    17271798,
    17271804,
    17271817,
    17271841,
    17271847,
    17271851,
    17271855,
    17271938,
    17271975,
    17271979,
    17271983,
    17272106,
    17272112,
    17272125,
    17272252,
    17272266,
    17272278,
    17272284,
    17272297,
    17272301,
    17272315,
    17272324,
    17272337,
    17272341,
    17272355,
    17272368,
    17272381,
    17272385,
    17272409,
    17272433,
    17272460,
    17272474,
    17272487,
    17272493,
    17272506,
    17272510,
    17272525,
    17272534,
    17272547,
    17272551,
    17272566,
    17272579,
    17272592,
    17272596,
    17272621,
    17272645,
    17272805,
    17272822,
    17272840,
    17272934,
    17272954,
    17272986,
    17273007,
    17273031,
    17273040,
    17273072,
    17273081,
    17273108,
    17273402,
    17273469,
    17273491,
    17273508,
    17273533,
    17273597,
    17273619,
    17273636,
    17273795,
    17273805,
    17273815,
    17273828,
    17273838,
    17273844,
    17273852,
    17273877,
    17273905,
    17273911,
    17273919,
    17273927,
    17274061,
    17274108,
    17274112,
    17274116,
    17274148,
    17274155,
    17274161,
    17274203,
    17274210,
    17274214,
    17274218,
    17274227,
    17274241,
    17274249,
    17274284,
    17274298,
    17274306,
    17274311,
    17274316,
    17274336,
    17274341,
    17274387,
    17274395,
    17274400,
    17274405,
    17274414,
    17274428,
    17274435,
    17274473,
    17274487,
    17274494,
    17274498,
    17274502,
    17274522,
    17274528,
    17274562,
    17274573,
    17274582,
    17274588,
    17274594,
    17274607,
    17274611,
    17274649,
    17274663,
    17274670,
    17274674,
    17274678,
    17274698,
    17274708,
    17274718,
    17274724,
    17274732,
    17274744,
    17274777,
    17274789,
    17274822,
    17274834,
    17274866,
    17274878,
    17274910,
    17274918,
    17274926,
    17274945,
    17274977,
    17274989,
    17275038,
    17275050,
    17275094,
    17275113,
    17275145,
    17275169,
    17275244,
    17275265,
    17275277,
    17275296,
    17275308,
    17275327,
    17275339,
    17275358,
    17275544,
    17275588,
    17275604,
    17275625,
    17275637,
    17275671,
    17275687,
    17275708,
    17275720,
    17275749,
    17276059,
    17276082,
    17276100,
    17276171,
    17276194,
    17276212,
    17276282,
    17276305,
    17276323,
    17276393,
    17276416,
    17276434,
    17276519,
    17276542,
    17276564,
    17276682,
    17276705,
    17276723,
    17276800,
    17276823,
    17276841,
    17276933,
    17276956,
    17276974,
    17276984,
    17276991,
    17276998,
    17277005,
    17277012,
    17277019,
    17277026
]