[
    19309264,
    19284896,
    19294395,
    19293726,
    19297191,
    19297191,
    19294395,
    19293726,
    19289639,
    19321530,
    19318141,
    19316503,
    19321530,
    19316503,
    19318141,
    19313685,
    18612776,
    18612776,
    18612445,
    19348808,
    19348808,
    19348683,
    19372968,
    19373195,
    19373163,
    19372968,
    19373195,
    19373163,
    19371953,
    19351125,
    19350189,
    19350189,
    19351125,
    19349044,
    19443216,
    19443145,
    19443122,
    19443190,
    19443216,
    19443122,
    19443190,
    19443145,
    19442844,
    19448472,
    19448499,
    19448472,
    19448499,
    19447390,
    18611192,
    18611192,
    18610861,
    20173424,
    20173424,
    20173009,
    18618506,
    18618506,
    18618128,
    18609606,
    18609606,
    18609277,
    19012569,
    19012569,
    19011934,
    19131952,
    19131952,
    19131581,
    19993437,
    19994055,
    19994055,
    19993437,
    19992973,
    19013641,
    19015438,
    19014897,
    19014966,
    19015194,
    19014430,
    19014897,
    19013641,
    19012900,
    19014430,
    19014966,
    19015194,
    19015438,
    20172272,
    20171913,
    20172397,
    20172119,
    20172119,
    20171679,
    20171913,
    20172272,
    20172397
]